tp	Qp
90.6170130017856	3035.89291942303
17.2075733547541	31.0476960495211
192.355905422246	956.767788317718
45.8054326749034	886.664862752307
28.4665287303681	2597.38013215687
59.0587521977417	102.562874527643
77.5295155433108	2176.61551809294
132.191042124061	2609.7686536406
119.597487323323	969.110730123713
45.9803673466111	639.312156906207
84.4546820491317	577.73711379112
140.346980618825	233.978295827248
169.701881742814	1789.17479717754
9.45312310846611	174.8953272687
68.2898884592534	29.9523355715861
98.7126872165613	3756.00645746934
78.6448142002063	334.130367146613
173.703604772013	3130.24496595181
85.3099305935151	3562.88902526819
16.6293179681995	1633.35281123599
140.124205399421	732.097911704678
60.9088753195227	1552.42520956384
78.3093547254974	1511.34445897941
166.880043422054	2191.24354867668
6.9314215576587	1079.20290328021
194.660520187483	2784.97147287275
172.580229894604	2534.22011157554
114.992896807604	344.074521487115
12.9807449951271	508.194942573322
1.62523622162174	2037.60772364128
33.4527538703134	3280.71836721554
4.8764937275261	281.012884856646
159.147301562505	642.536610203145
53.3830351875863	68.698169656816
227.253988248327	2839.36973993151
133.270927349575	1114.26989845061
112.006021775135	3610.54500631932
149.324066006099	3343.37506031362
97.7864109042734	124.401047976782
49.1530974717875	1235.96699265568
47.9216883107811	422.23320637919
35.4687664136546	618.041530714505
201.988387360099	1512.92544959285
214.406383252999	764.037830847894
20.904391361809	292.318185618979
29.7102999625164	2920.93644342001
7.86419091379462	445.836492689575
108.690559654189	661.612777609858
185.383186033857	1685.49245742954
41.5174923406561	1929.69530420492
40.7825236559837	128.880140380491
2.86301586138351	702.223265781357
234.249842909201	504.151822810735
13.8165456022362	736.754239697544
38.243662426474	1871.4033344479
198.564721388368	486.559230766258
93.4538196788153	20.9628770848448
11.8613499030816	2206.77683494436
104.697882048286	1601.43033877724
159.786236546372	815.583726512035
56.4857777661276	3263.11547335863
44.6250793114249	2100.50050012413
212.910473623459	992.487330365832
37.0987867315373	2717.52835088913
4.00146903722634	100.441659185306
52.0341849990113	3020.35032812106
71.8809217158954	2370.60702360436
1.03460703786903	434.068276371405
180.806459429717	1075.72755745697
146.525333096478	565.584197726495
100.541637013523	1053.18710075931
211.46396837338	2570.75967019997
15.9978660315088	206.342116111777
84.8819738082889	2636.40809664021
223.373386696803	3724.02823670492
87.5367148502895	222.884454917837
122.949695456506	1314.61331755108
65.3047365485612	775.502964616373
6.57113432245349	2762.47383212535
141.293497956191	3270.07391357324
29.9352421703807	405.885649505503
107.688600612797	1427.98870754075
9.64715881331948	1224.46767114339
51.1899483147588	1743.17032391567
60.1104756910457	364.858535299636
65.6050957313827	188.825777675304
95.7325819951393	2251.13665804447
200.552038890762	1423.58793587299
39.1035534280089	291.108370312841
222.512186847451	198.407414722087
25.0681034924703	866.889307430757
21.1912095314608	116.371817247779
107.96761865675	1271.96763571414
185.107309533271	635.420891970881
13.7256919045192	1092.90873075519
129.196088916377	858.241777788553
104.401331467444	211.899573761253
9.26434416222057	2071.90594624193
92.1508515909011	356.014635672608
24.2913874925042	1213.04024445391
55.639886310444	1025.8615725198
117.23735132132	1126.67682558075
21.7602028847801	3490.53357865023
42.1680008880238	1325.89645049847
105.392510917265	1102.86966828933
38.734939691616	21.9567315705534
26.1128263803448	237.252842410277
31.1331457957583	1649.22006511096
10.2615939732305	3822.10308829295
13.0581608157886	2669.22462439039
23.8017984521254	1935.55932088022
10.4989160189656	528.537036585343
25.996985836601	84.5544749640424
124.346315116584	921.173767015726
201.532961367194	254.061600335915
38.8657890359054	863.315007901802
18.7005343871854	214.744288694041
160.245403237568	3360.44800587631
24.6227353921565	2945.39166339874
16.7868186313925	3513.6855523683
62.2053030103815	2342.72950361204
6.96928414344632	354.253287400374
51.2853992076522	2445.6999298187
8.21168807901662	2435.37367948767
7.21227781098579	178.505989038043
74.0988035792699	499.675525496198
9.9732408181297	272.117540525813
189.790306924511	1202.78063906916
233.831099066415	109.905220147438
4.47183991494356	851.223262617585
112.162208859422	803.741984924294
186.185986670645	58.6344718828762
150.146764339361	1805.00798008513
31.9016123993763	2019.80064021209
54.6571892847086	1845.67288461171
12.231980212541	1386.47507253969
44.3525893753501	3376.63759735835
71.3060658845636	48.2551615315859
18.1522896930841	647.356546070578
40.1696484930295	391.735540480273
4.22973265055866	1253.65330085231
25.7659766982929	1351.6259290683
179.918746960293	3285.10295562888
217.582089578429	2751.73418763411
70.6071328864898	1679.80934855427
40.2792767068096	2409.44044778365
3.00379985135912	2138.29234784085
16.5566066039015	2355.30015793658
117.054339248003	388.888242326544
101.819398825412	2859.25341878462
157.738340539302	1433.21642928992
9.07791553166392	916.16541964264
77.6854355419768	2775.10219802014
81.694562444144	3469.20473662214
86.0951524645311	409.838177766991
67.7351938726556	1002.3815734312
11.4965016422185	446.478467977497
134.199369441624	157.55516988253
61.2383152347622	1070.71339799058
128.831157689805	76.9769179956455
100.14096897599	663.255559805844
24.4982729029343	163.328242023022
125.341370893682	287.148553870221
50.1780696583609	764.985510946112
102.070599962909	443.033164049966
27.1145505488916	1927.48647845329
99.3417057908839	70.9989197544204
63.1756420159089	277.264694238433
47.8348508081056	1159.41680695835
174.819253371182	1398.93333879969
0.954348016446018	714.541729766286
17.2656304622178	1456.91341664469
70.9753916697978	3016.52690387851
31.446376433205	825.206212185335
115.508885836182	1490.136635483
3.37563855490976	1447.71945558505
196.140997974228	2932.45676089872
72.6794193634891	1794.57917780988
5.09046070505025	682.957303988023
19.3512684004933	823.628500554966
135.433321339038	23.3623752809452
90.342310596719	94.4652640413577
59.47979869569	480.59722170577
167.747750297146	1014.94292476262
151.857948112795	273.758208196196
82.5702552903724	115.235612626156
178.072343618345	418.404002132319
42.9449149057421	848.217105222685
112.788207460094	114.505342468039
0.22100153394268	1360.26802674442
55.2928338892008	1239.61458759241
37.6692983856237	230.376823497406
7.26690834013839	2084.057114928
14.9229454637254	528.437338763811
33.6013775837392	674.852053346918
32.1885790795626	1117.80992895623
15.8458787134626	1558.92083183525
144.0769734168	2488.55314245716
3.27461664934231	779.358144786788
35.3606371516964	299.880466649855
32.4635266193357	145.807483560448
178.421468286269	305.926019583167
32.8584443615394	1436.91175122104
19.0974824358359	535.604693434117
97.9708659741743	573.774250176195
143.661758213368	467.277411688669
1.57871952889591	2283.20413809628
27.464295707306	808.033295680614
9.79786403660536	1850.48197951738
14.1660616821905	3977.63091771036
131.51554123182	996.029140380191
86.1807209949157	1816.86049587909
22.5139211982131	1278.9572423365
231.595167526805	228.302898322669
53.6157044256445	1441.31833264697
219.156360734795	419.096883867805
18.0423045127845	2006.68140549872
3.69861097531067	1992.40010885143
0.598387455157201	1939.56602954612
155.507495861451	90.334379577296
58.2176010344179	325.811400420526
101.426881117637	12.1333834186954
0.460695664765912	798.286112420067
224.061293603668	66.6134662127708
5.31211779584713	2181.22772283844
10.8390851703235	1290.07820182584
2.62699685052604	2627.85550070067
15.2151251126714	2212.63254071155
8.37613791137545	1450.0959282109
150.703379298951	54.7047254037979
80.9154653077788	1265.94549864677
45.2536581570358	3875.89013741981
107.476894793001	173.079361691427
202.87655172108	8.05488990272688
6.20473286214541	1369.26903170384
20.4018639879087	2594.32601622733
5.87748668200627	767.921417950723
1.17865848965957	1505.59912878026
6.00734726935237	1954.29386288713
2.05267355212354	873.831727502408
228.527059560098	153.128099413765
144.93062812537	6.86264813128249
2.74236624555797	1331.11331370459
1.36330526108554	1106.45807093435
0.623511922977244	2464.58887779679
1.81147394640876	1218.25640597376
0.856435640249575	971.1585484303
2.66731838143906	646.361270085157
1.76529009223903	1645.68328309781
2.36869007018415	1825.92891286345
50.4479727863124	180.712667946524
4.07317342455044	1710.96527057602
18.6102534660589	1659.18434435534
0.375558813934291	620.748136503082
36.3167350954568	45.2336544032312
15.4914806914007	593.696269035223
3.09230488665048	2420.8637503201
137.434641366631	61.304626388319
124.832847238641	12.9716276228841
8.00438092215079	1275.02806274887
7.07289874336244	1811.51271575912
5.21124523452549	1520.16284264613
0.0452120608393479	3323.89765144804
3.60098444901968	489.916081587304
6.34324916290437	1643.43511817636
8.56300869766519	2651.54692154082
5.2680771072376	2584.74362978268
11.3083198966443	2030.1936712782
216.292336701355	122.493834588158
126.421658091487	185.217837834775
5.81116213510924	908.466402507466
5.67080459607988	2387.67801315496
226.68110460785	16.5026200113928
6.32449435264261	1178.6696735121
3.30301544485083	950.951209515796
14.03829640317	1465.84747160666
3.72100693454713	1144.00348424065
0.699668628237738	497.34573473728
4.55590833218009	3883.03706428426
213.376334913426	39.465078270006
92.6896186840976	57.4748096427264
150.797765949286	139.542624053851
1.8800168781907	561.587288855315
11.1461133202564	1546.67846638842
0.086476001233561	3001.81435268652
196.127584828304	151.976397719001
8.04787671770768	3154.19603534955
1.52809284731621	2818.75248272404
209.904662066125	82.5457198531181
58.1278020639312	88.2876831171298
15.3431453121702	1348.63544686449
16.3174992244537	1207.06981406104
137.87959243124	105.888275699067
18.505947028105	1303.93733607282
4.67540705557986	1037.88887085749
78.1683825613582	28.9985861816114
7.83559127600134	2268.21800139919
208.30643729794	201.32907443991
71.9531193407848	8.94037940915881
65.5560426866767	5.06879976734607
1.13925095117219	3537.47267443998
7.41150280994312	3772.76732845899
10.9907702305878	2530.24957979026
8.43368573921127	813.627991469772
11.3709906980072	3631.4377191211
13.9271902534909	902.204357613205
121.15155621715	98.0493172369727
3.85707940536116	2906.22448263132
117.758056519348	41.6222204202005
28.6944579660432	897.747127303495
59.2323933640852	0.805562750819841
2.27011150834366	3779.89323997675
2.41450541168605	3201.6629179168
6.63087206890207	623.48742624378
9.01050201840958	1693.68425488108
12.6486480033886	1185.92676670702
108.352560803719	43.9093507357038
4.37949799856313	580.323672766889
7.74080908264646	3506.59134562462
12.1066695990642	1683.02471956389
6.80672757342439	538.529716002793
12.25348390111	567.585035605321
128.465189891304	130.282107348456
10.7019471331527	1097.57599263803
118.962254857264	143.738858061457
4.12133450810309	3592.11990017126
19.9997509039592	1532.69940977637
5.39702951653995	3366.92351379143
7.37659933395624	1021.87322265049
22.0725569546193	886.07139151099
106.814511891866	86.4268126763817
22.3425209413343	1634.94528733845
14.627678890486	2001.4762871537
198.045069572208	46.2585614022811
4.84649394529567	3117.30095899167
10.099202416218	994.71319099625
8.87164345708826	489.57414182141
13.2087784394314	1017.30004619584
11.8002417637251	832.495095948089
22.674401591847	1413.48546700239
12.6102365226275	1879.36881628538
26.3080160886717	979.038561653764
215.923459779893	247.490580229667
16.456749241381	1040.30191229675
6.15428253148419	469.530897442181
17.5929840302168	918.576780820139
116.252066314897	191.114253816278
14.8638514519264	1768.10410543805
19.9383360851091	1191.46105624635
21.8873872624861	33.6136027229377
52.5807443324328	35.0696686721849
5.49415265477638	403.783625894025
67.9157342806672	240.060253931015
41.2949389538994	51.4878342319648
46.200255296514	40.0542734868872
35.7661125156287	4.81868143201033
10.6330561544141	2324.33566913696
89.7152610141944	138.55877956047
2.93324779301371	415.479733901977
20.63470410071	976.449908579036
15.1661564895014	793.041852046338
153.898965945101	3934.50129104242
10.4669604899392	3379.98553778552
9.42846742203192	393.573465815985
31.9917493529657	27.513081607717
8.30939663105518	724.78388789748
145.562994763769	183.595199832874
1.41450061151387	367.450267048802
13.5949127265982	3420.64272084866
194.999746168628	88.5347856653569
11.1589299876136	744.909318723863
9.1603670756191	580.762080685767
6.70723225735194	2954.75961257079
9.60058434470074	2898.54516142534
19.1772716658826	3624.74986586493
10.2919656607968	653.455440243109
19.7537894015776	1076.5306096625
13.2756600996086	678.364771546501
16.1854064664675	712.377533673262
23.1211754894706	1785.30835188542
122.403901872218	231.767553035729
13.5344808216895	2401.92699538734
23.4392404477957	786.567950948618
18.8404460973495	2220.20435814857
19.5423751266097	739.242927289624
61.3905778667202	38.3550576686802
86.9999403210021	26.4342240035727
23.5649047211431	1085.57978129942
22.8418657406898	699.452336563459
21.2840867843129	626.552345484788
103.740817943659	126.964690573164
85.1046482768099	67.4089798616172
17.7304889757295	1842.41274771188
97.1649573193932	161.564670018513
82.23150006352	165.121358902694
135.171193912029	218.450270045429
20.6498397863581	460.222248590591
25.7076603204703	1495.64420789519
66.6375815106272	62.5403692045576
14.5514744368304	3696.13947930211
186.028420953677	193.491515667051
184.738909722959	120.606240770798
12.4776063510257	2842.57262650397
26.9245822448944	1140.50229341015
2.09766944248154	92.7003923680407
127.611416990198	335.219470129641
90.8382461911065	194.638319734285
77.8028566093634	80.2585303373034
157.119888920019	10.1327602624882
12.0048172733332	3066.57785331618
20.7988216198616	1922.64115643945
27.3475231830415	1255.58756359062
177.13746538955	33.2588214857658
20.1276227247522	2395.3329829463
75.9989111895349	140.606809457404
49.7164307799198	72.6391883393182
71.2152673404976	95.7593195076836
67.2887636586579	134.25646693702
10.9115325970734	150.459013645517
163.035551027331	46.944055623265
173.301431153818	73.840389041523
0.238814489077803	64.3351230585658
73.2103849881853	3393.74163833228
22.2200902411573	551.99134884719
14.7655555936738	3187.24323741199
31.2386555293039	1304.79756946082
29.2914005692579	1049.1531964947
79.1413555663359	284.145859276047
61.5618674587185	155.115801970887
28.9643247990899	1416.98900175096
4.34043503243794	329.165195521144
25.1684307111409	506.925231885713
17.1090845047767	478.51135575738
166.683291182371	111.860773876732
175.424798439618	159.179869628461
225.251208493687	294.08245172336
136.407645672177	275.969609757998
50.8473762833971	1603.80537240693
40.6225846107133	1674.50791488277
15.5520608707992	2556.50754884766
43.8304366584976	105.161940142556
21.6381623036387	2087.83407035924
21.4583449943949	3007.80320194039
36.7333970412508	1365.20613937887
41.884135794718	932.947386893739
28.368250553175	462.961497597619
85.4232342483667	1670.20233837252
27.7877145552599	3840.0080205574
73.3029459746386	187.187749242854
0.385874173687641	146.442075329696
55.7720452126837	169.064801552577
16.8246442175263	2742.41646308234
1.95135659302768	307.309275879681
236.78261729726	561.237653085698
17.5517069957177	3053.71903683296
162.302497413717	156.221304294567
34.1646530790337	1216.91005800443
26.2250407392211	1695.55683105941
17.9700842267998	3294.51821574991
20.1871019319717	2794.72380704459
125.654843179368	396.627246661974
15.9534639497872	82.8789306327886
14.337650940871	437.891595636381
190.242924815411	255.858804761057
161.677024027108	572.95103530222
1.2421626278761	235.144070879646
3.48506406492439	262.196323206137
2.17576418445467	181.271350089456
21.5067990273696	3249.84703230833
12.3855586286994	385.603244583639
3.1933022774178	137.065776602555
5.62056654262043	226.816374620218
4.74903803095535	177.556682609818
148.237671592845	413.018614157265
36.2601729391717	2866.23135327968
0.785947988990936	20.1357676967415
39.4233653259638	167.572397270922
2.51422313821121	50.2095635103012
3.89064646328626	3.59929953911642
81.8662082549799	221.462159591602
23.728843251569	2707.17315740922
52.8526744607876	107.244145080319
35.8949648135789	3947.21475039261
48.5857758837662	868.461701932828
238.306024911057	423.95700302855
26.5766470263132	594.986989801006
236.232824667811	360.47187357507
14.4154595839046	15.8897436396233
29.1024918384112	720.173551563812
13.3866307027431	55.8097433493017
29.5721920780427	533.512507735334
5.91604092235596	132.949267297932
42.4569501086314	756.164789725964
39.9395338031867	2054.97660727721
15.6663632772788	377.320605741043
30.522650610847	1537.51738922032
85.6817922639334	351.923230602994
9.85868953227867	24.6561873339033
17.8741634877171	37.1023795096679
24.2160037238906	1.95321841319913
6.49749047324176	14.9808367185984
48.1438539878359	131.321932705967
24.0915377387199	2471.18172166427
5.02916100657049	65.0644912166813
19.4424338254683	74.5036136072065
18.9266122383985	401.294852508238
25.555026023681	2061.46903130641
7.67214014863111	52.8920861958839
22.6512393211721	2262.73638125249
27.8516138084698	18.4303308123749
8.6243236236356	117.821366076082
10.0428332154623	77.9971214583974
45.1567319797815	171.568992856227
18.4316977863409	338.873215219347
8.78156382590242	207.912604216297
74.9263277855147	238.01281052523
7.58047284122423	267.317857324037
154.217627452268	219.872307146088
31.7648901885819	3793.35706912952
34.591668861572	1594.28331585933
32.7932395626228	987.329260749949
30.7152142881192	609.455972956534
17.4404777164645	3865.51956195493
12.7883839031946	99.6714771394695
25.288510881404	3211.42604787882
219.693782689923	350.842569426805
23.2456187276642	79.622658055717
33.1541015518801	748.806899034798
14.2241397897993	142.127232844643
39.2319406029596	1250.29868926138
36.4954926299213	812.354291982017
8.70874816349785	319.667637784067
94.7206439729747	242.821372564214
37.9720426328794	110.967656513323
28.7808451408451	59.2312963081564
44.5235427333431	1568.46325937456
11.5804801761341	300.717178268908
11.674902914375	199.950294054244
18.3409695844548	125.007029426308
34.8525946586015	900.053012472827
33.7869074532704	91.312643068973
15.0221197019412	312.204096555152
48.5016075639947	1480.9615081701
29.5050843119934	103.667155441135
39.8912397943064	3809.47992684575
37.5264361208555	981.916159777636
24.4546226716636	3994.04147846234
113.481646277564	253.497060546765
204.755292667553	383.327060741723
183.057643987421	3906.06740098054
21.028385332547	3855.73483601362
12.9023224404639	249.614565857491
32.3269646509915	2989.64931013695
43.5921148204823	1197.6805669067
17.0089882097401	170.946860314289
52.7647075836325	225.348567943932
125.070870199439	1782.38773418975
16.0940176724933	257.182033595302
19.6091202131823	259.401755315106
71.5382389003139	288.309428910719
166.099753749983	205.287078438439
29.1396290294619	1800.26599326682
35.1493111542974	189.727682302227
39.5399648586352	1472.73286725815
22.0075779766166	346.687664772331
58.8893866799769	213.011456521948
24.988896888464	120.289202567205
26.3895668235212	2233.48133345409
34.0211713688273	556.490407462019
44.0076628073019	1407.42688469398
174.629367937197	246.465791037879
23.289445639281	269.021824802863
205.70644524508	322.244356496973
30.2147876272705	3237.841289428
23.9471162314811	3677.41811790558
56.843954339302	264.361310090678
28.0332934995823	3033.73253811472
27.6014858112732	2568.78962591182
26.6460957439656	3481.93434223441
28.1255730363753	147.941678111227
42.4009454686013	217.06350063153
37.2243294958486	1130.2174369596
20.4923534690938	164.785945899711
191.107165068985	313.906575304284
74.7219448744369	341.928400735341
30.8477881092356	3534.72577177357
22.9909824347869	203.48940882496
26.869463293063	195.906155567965
30.3654991927124	2418.11803899953
36.0128072854301	1731.35489471937
30.9474875951805	210.513791903782
103.217009537547	263.941140075914
139.503091146037	370.129449295033
32.6611214779021	450.128940720953
53.0409336228334	310.134501776416
221.852740482335	483.690768799411
34.9727697903059	3455.34480315201
46.8527998475499	243.877284717706
33.8994196455421	250.777484924078
44.8780524205925	1969.78150913724
46.4571679698565	1296.82766810767
63.0799347625634	1626.06267398888
24.7496657327272	394.129599232099
37.8564437439143	3152.38970183529
25.4725399326079	318.369214759914
38.4323706113798	678.06734173982
29.9204578920365	270.139304756296
111.203190371413	309.091660330325
46.9539538184087	707.489498608792
39.6939545737953	3414.46961340612
28.2607812113063	362.674957956866
144.68727368926	317.282787052719
51.781148206524	1321.62789957487
41.6488059960426	1819.7672087146
40.9964024855757	1058.0132220862
164.602346887895	283.797294379104
188.234855384321	375.261994189968
42.9054881249192	279.682663512718
31.6395998677544	323.082372989967
33.30473735812	1856.78387462033
27.1825647164145	2812.28907323362
31.3892815054363	2767.79458182291
156.161331257412	328.095284333836
41.0109080441796	2959.16640090536
30.1673722145552	2147.69409612932
45.4248441966762	1011.44683351415
63.9988729248218	1474.30019046402
47.5620960981834	304.031871290961
35.6827390372663	1996.36294461601
46.6238891970324	1773.1981828613
168.379431896515	345.091363289789
44.075407495998	430.105015674608
33.0491315607223	2580.3290573453
87.9374125839218	295.570733260543
45.5466237127225	359.478072438995
186.537081179904	549.841035201162
79.445212469827	410.334690544427
64.6764112416438	929.911741394691
34.4199436557255	2168.20358391122
152.073776763355	519.164581420073
38.2180702494274	338.022077394109
42.0354913793411	2698.4299530308
56.283612414754	380.462779206587
205.346026346775	541.030683435804
207.438657787831	457.136881854608
52.2588962234678	3743.55688911271
34.3451327196967	372.972664563982
50.5448787924652	386.551647566635
231.25499240643	3967.41967736148
50.0737282767079	1061.49936714091
43.2126550245768	651.683126540049
37.4746696018675	2519.84186140045
165.472953573493	407.585410675958
75.252323322773	3944.69658364655
55.9448828346664	1136.44200673374
228.771810241853	627.370914427253
40.5137234021559	583.5125527725
36.9221598300866	426.089585437903
193.221825609196	436.393931380166
182.145885664412	481.638596148833
161.340855685045	471.783153474414
64.7743191331157	331.13799548438
126.801984501397	589.767886720988
49.3831289729636	2117.67021787955
136.882112142317	521.624499005246
96.4434205714508	297.651984438434
36.7171557440327	495.326223569017
215.006647472747	3913.92770124572
34.7195533542777	2360.27458633286
197.50666517641	604.042016767327
43.293788285147	3603.61600212437
48.4039532262198	3524.82210178064
48.9386927062734	633.530564901324
110.986155283026	441.536440702395
170.700851957682	519.337360480835
72.2045297255505	3663.70309909166
109.636618883638	368.037638298618
79.2934423750718	3710.41581107877
42.6520657857757	3184.21915708969
100.95000982573	349.598702258049
209.404660936269	3654.39111223697
41.4057578149485	512.306460751373
82.9502949436895	474.812636836578
69.3421032138648	377.873280950067
46.3370121677429	494.28149000577
235.057732997248	3583.51922373549
130.718272072149	463.79104846659
51.0210496508874	958.853793657937
212.340467155956	615.993309670342
57.2788857134082	1574.23956020181
58.5775810334407	945.331030609236
53.2601614825762	687.554011775276
57.1438199793544	3081.47632126887
147.638777850994	760.123614934639
51.6647088941828	451.641464793523
57.4996195215694	1344.50347723245
63.5069124373036	1311.17704800385
116.838205831378	3896.70865114887
48.7765003994881	557.21255445579
54.1035018067408	877.819083879193
199.668181804009	1721.44065289118
38.669133402875	2256.39268392607
197.074651973162	3817.4505341233
49.9221149992999	1894.65352431719
60.9647816217379	3957.6768619309
72.9441807823838	431.317519475397
174.129525866068	591.272323656163
239.539379631385	1161.54214130344
207.842148123908	695.880348349522
53.9651950151956	586.668262915687
61.8503361955541	1173.42136184238
66.8746144926666	3852.46263312091
55.52232513614	787.221468892027
51.488347964678	3315.02766082496
169.833617346227	3410.52630330877
54.9428103311753	1704.45714423315
66.2610936611139	1091.6196567679
47.2431354520611	3071.64795128327
54.6156304998227	512.75555337985
47.4271273515696	2854.11827000284
43.4322497222437	2216.65258668417
201.018856274817	796.312158711119
189.246031760974	3573.39926812241
62.6410524379906	428.306844141965
232.162439249038	705.477985773377
67.5335232948018	474.082484579844
58.0151108304225	3688.3320219217
59.9321426420222	547.534233698575
175.995580856785	3637.97928657777
163.616901092368	3735.10325285365
64.4773936897848	3597.46409648636
120.38602288786	453.852146135789
54.3170610429497	2883.21556056529
44.803522831075	2390.69600091129
229.926521235237	791.924582758432
47.096122624506	2640.40036317482
237.47268315522	1654.31227167607
56.5207062980152	3433.36892597605
151.48493449833	612.08046967353
155.266654103245	3548.44700416246
60.1788195251268	1777.14101577894
81.3713071569162	545.123308828764
74.4342155175687	570.482289422293
115.354826741912	600.114177254481
148.893027239276	3175.69935391464
57.0251684319303	2452.31815859471
52.3985227363359	2616.11275299023
215.294926676755	833.805956924717
99.7327871183081	729.881745822567
142.699216099396	666.420007342173
116.417334110539	516.088485678042
53.7341613058445	2012.59919273695
192.795889716243	689.881554502504
233.279852544765	940.268571445675
62.005928258072	838.613039487402
202.566511976956	3307.24539675258
60.7099809975044	741.591446983061
62.3776245061679	3351.76601787248
105.04730887599	604.994458702647
162.516827192114	3167.80015776596
76.7964924670679	2982.34474524968
68.2063724424192	3216.13610291134
187.183833060932	3112.62180123018
107.29966247654	532.048124740991
221.210086831331	3448.91069516695
146.128242618687	3715.0161325108
66.5128184271028	1760.78034845838
96.0909738391315	399.773066738181
171.54136688544	670.258846236435
234.920374585986	2331.54577601036
63.6761102086959	3046.76166953326
91.4893488817589	456.108670512453
214.07590414239	3137.70299684864
79.7991535543532	3238.6640733593
70.0298502923376	1181.70400552471
206.276025169035	913.6574465043
121.314025063282	3651.55128055242
122.157518954277	659.166130915084
80.4978818776926	641.793643470703
232.833145379081	1267.95058120156
59.7177296385146	1981.54308536401
58.7775661238099	657.319438970561
57.7736287964979	2704.40469341951
184.230606590183	758.408946853734
69.6981322371672	1545.65289347871
225.687391612171	1031.24347422446
140.791113800435	3988.56907551231
154.68343450889	2975.47675272343
86.8209359785542	3336.21723021573
229.333593202401	3223.64030333178
131.39035926011	3831.20280296936
97.5343868855864	3442.9119868617
86.6205575056331	3786.69372104549
108.795944865361	726.688700171549
99.1154646211387	501.954798177804
93.9945727954477	3678.81859536591
169.173367263588	2962.92045799523
49.4639010854503	2307.37774271713
55.0211551695016	2273.1688489337
60.5205305733092	2188.36429569758
73.7835134164418	1064.45840727477
62.8037379352025	2827.36271115242
69.9652427561936	1339.31297187294
161.016760438737	717.401153556881
67.1016301186045	2374.75186616952
191.825586341288	889.699992434413
66.0981301567092	543.593195705698
90.9847511170571	525.510208325756
75.2873497777935	963.244111403793
65.1248351761774	2064.44359769275
65.8227567259145	691.589703296602
63.7749278185828	614.387095907166
70.2137122987554	630.589793825509
152.268178032188	856.052876670387
98.4278939230488	3921.59058414525
68.5380819631504	847.133248639583
89.6172187013008	598.411412858888
226.072355114416	2998.00040587563
77.04456403939	1166.15336419695
220.250043362445	1133.40333927668
170.454524530018	776.129874179195
76.1965759926323	1379.3763723725
68.7511121185172	2736.09644560774
105.772705665041	3759.76364452
73.6202578180093	782.197061556349
92.905477789335	671.423266511529
94.3324007690191	1580.29547958806
211.045793343958	2913.88360774941
106.362117518305	3499.88412478611
118.03732740867	751.681539479051
74.3250476745579	699.282782793336
132.041823700469	685.836186391965
64.239719848381	2545.97033912551
129.806224976615	772.248707776717
203.646990477356	2727.5401336772
221.700901282005	1701.39735560693
179.777138096637	842.099700103108
82.3156543536254	1089.32764855819
143.236421971865	3460.86400585096
94.5076042947971	3197.86677195413
95.0234554362032	828.512140224771
88.4090424844449	2518.14259023989
87.23838173964	3090.47374113972
75.6575115570952	1620.79937180089
81.1718021856233	723.276296825967
230.2980476825	2678.46757740647
100.581134378382	1169.52948049162
224.875027560857	1561.245609167
189.103126888251	2300.75918322731
181.698148145506	2894.7655985921
118.348772718818	3397.26529992921
106.089683292624	860.379154723845
83.7666719682003	2888.90194072695
204.608069855821	1044.52105809034
91.3869645812243	2806.26742825859
89.1002560228299	746.252524230537
102.531680867347	3096.09199315908
84.0084645699653	984.259895093347
132.648145819425	3559.71578143625
83.3400383615873	1533.79566619776
69.0355603657319	1905.43148273252
127.820084960264	3324.8525308615
83.0334795503655	804.761482470757
139.309720215797	818.597552062104
80.8330072109106	893.352216654364
93.5987463598932	1066.02048687175
223.280988252272	2494.20362207671
188.712237376406	1003.95017761215
98.2607770452981	2685.89406934272
176.738725233826	953.04333640169
187.73381439271	1373.45783536421
204.020457659932	2230.00366805396
199.352527349098	2456.73977022291
218.072844007724	2316.59500962914
80.0349254373428	2605.21873716068
109.831296959683	2789.21117192588
208.854581926579	1585.72889579409
70.6573648703885	2542.70320285031
72.5684589113362	2044.29983327412
227.781627456275	1426.356985902
216.907655843584	1243.09844317678
69.5274212913432	2200.07235074372
239.014148321136	1828.82829883744
93.0429292071584	1733.05124593709
88.1589044940806	874.310825101815
135.993903325744	3142.43007016523
78.768147082337	1750.23758080977
77.1666965971807	1900.62297835009
109.317165267347	3254.61584237804
103.58636104281	1725.88299434072
102.380146736097	1484.70410122821
238.693820837186	2156.35322268794
90.1086324228459	1460.96925536001
191.014157815312	2625.2639715476
91.7582442308933	965.646219502478
236.119553887859	1987.78167791793
212.07941708961	1455.09713439709
141.953054238453	2876.86345694372
167.569501089375	881.73780729679
183.757555908725	2126.53177987623
218.516444209355	2132.54279189116
110.764502821535	2559.95409405338
84.2735911377961	1950.96803402306
99.6769123132188	928.909443209725
92.4008879839729	1194.41621059032
197.962119704766	2025.64922705974
114.705461515835	2379.55597090273
219.230991614787	1968.67884042007
153.145990757531	2756.24941260744
210.445271165544	1832.96844661633
110.139335306236	1177.01552570491
179.113235045978	2437.9803890416
83.4693377724762	1389.42548898638
177.559459220438	2691.69374943807
114.196350326465	3063.11250740654
88.7052783553292	1295.63547517513
76.5627260024271	2430.16031860862
134.758491680714	907.574674224814
206.665788591044	1333.96137711617
200.250175318051	1228.05744805491
119.175162605646	2829.34560695092
96.8678869302851	1288.50573728257
194.101719738196	1121.65560894477
120.239878220001	840.445950172508
124.094075759755	3106.20301016334
131.105680833234	2936.52132517626
157.604545250695	942.110104896344
115.825830431564	924.820528348407
195.34527710242	1864.84204015366
128.256125391827	2723.21480300489
75.8103281388765	2242.30212111935
165.794252136931	1888.87651367183
145.31788080677	938.568667385938
181.505400205531	1909.65444714405
138.878007244288	1147.18471699377
103.964468528828	1359.03544149153
141.810994494419	1032.46636229529
80.3273330964696	2095.45034810296
163.386283904678	1108.63830787744
193.468717487154	1581.61556166999
118.740953117578	1228.74095643421
96.7277398810821	2482.30407347384
180.724499214485	1151.71750319275
103.044215423706	2348.57904353086
89.1803043971758	2297.64478666355
159.487582552718	1717.30007215831
149.769868437605	1111.88195700625
172.034439439258	2034.71483475894
95.460837580284	1882.67675911863
87.6562635427927	2122.43966534597
95.2466456748762	2050.34645379101
164.085663648609	2654.71779672673
120.972723109564	1625.52328466666
129.767478882411	2077.50491901996
178.947923576963	1757.6308146282
104.814364052354	1007.32244039702
172.691138591186	1244.6923518871
113.240875866939	1376.05730126608
101.293684046468	2171.96518486348
121.89825531295	2507.01978765833
138.256950320539	2663.34454472862
164.904162801234	1340.55843970974
127.169046659498	1517.38710062197
133.677849193949	2476.1824905693
111.699475811815	1610.0935703693
126.562832240864	2340.08875411493
156.776793018119	1203.24539430355
113.923610392114	1023.92077954176
182.923603287543	1494.1874080883
112.477584732516	1751.1219251704
123.648722780178	1047.13992003758
125.974865486413	1153.92766184454
160.578049340775	2110.62996240142
170.971261249842	2290.96127390383
137.154955614978	1596.35947526085
155.975017411835	2502.79804565187
152.840708010479	1317.79968327772
106.658543042697	1874.76658645339
119.861056649995	2162.30130809345
176.381334741486	1615.86972900034
110.358556090095	2146.10674523149
130.158100248355	1261.18309670634
135.65454002691	2237.81155308861
158.468077585755	2320.16306467329
153.616304096857	1916.06804065593
122.74470104724	1403.53158799818
168.697850348905	1502.91080192719
141.014483831156	1282.52330132442
147.334267705057	2279.96790082554
132.855180352971	1392.54185321864
113.728392585606	1975.16643619612
144.10258275109	1400.09215782758
148.832861024227	2105.0706464227
158.110911936548	1566.19845702212
146.856609072372	1525.19979828265
147.945771357508	1662.05990201646
123.434378404514	1944.88753353579
138.583657670386	1738.06199787195
133.941656518187	1857.79226383563
142.323520292159	1959.71106579559
