95	90	82	81	71	52	43	42	41	31	24	23	22	21	11	SGCn	tp	SGCp	SGCr	m
0.13762742922288	0.138026990679558	0.248525961095281	0.0735603560104501	0.116695590799532	0.0636272608505096	0.0864562944687903	0.127314105868898	0.104233428627346	0.016947261379296	0.035158137505874	0.093580473224353	0.0686858960292768	0.0353932273993967	0.011657447480876	0.0642356659858022	7.96553918897873	0.811961295818165	0.132875828283257	8.82096537356265
0.0471197625437635	0.108628779781703	0.069093368396163	0.0397965721522924	0.0261947012181301	0.0914380562321749	0.178136475331336	0.290052760738879	0.154583215320669	0.0926233374809711	0.036372339804424	0.072838818724826	0.0627870630269405	0.0429151321228361	0.0477724532541819	0.0405426191478968	45.1305260645389	0.723310296291928	0.294330570674269	0.359515528869815
0.17474114454044	0.0564200215942226	0.0905964556887746	0.294913951465162	0.33444662950167	0.0652007942544297	0.132175875604898	0.156344443583861	0.321815678468207	0.0896585364521258	0.163745080579119	0.178804751260532	0.180076332888519	0.044160039839102	0.0101730246655643	0.0361381704926491	6.54477637147065	0.69050650315485	0.427758044704678	8.11907873088494
0.0360961876573798	0.0620713141009211	0.286243711752631	0.198357113228412	0.129028805843573	0.395447838406195	0.3176070985578	0.317964042139053	0.123087402032083	0.0998772541617628	0.0308915364762768	0.0842964680858888	0.0777632924418896	0.0869452379169641	0.0486662873733789	0.0191964269708376	64.0464437549957	0.700088997400901	0.473634217642248	1.63562137612607
0.0317386972802458	0.145215747866314	0.100865256458241	0.308170522792265	0.30063589244091	0.262620072377264	0.217146652523428	0.0825536123203114	0.347098329142621	0.0967697850356258	0.180175267025456	0.185834692082787	0.0964848122308496	0.095358836805285	0.0496264964595437	0.0181191615449265	74.8818460279424	0.805466098424001	0.145818997229449	2.5742383480072
0.0683841932275565	0.107096950228047	0.0302233353218995	0.278251379370922	0.0467399490088853	0.113665219022427	0.0815581473067403	0.197655108260736	0.265683735273732	0.0850842433081425	0.023370756611228	0.0872402570103295	0.103523655269109	0.0941587030915311	0.0402033150341362	0.0490156612152234	23.2905962230102	0.715701492056646	0.102774959924747	7.00458261007443
0.13666689003256	0.131036581119429	0.119839596599247	0.0712892165551893	0.320555324793381	0.224185364635312	0.115178982241452	0.165799259736016	0.117214489414217	0.0436875886234876	0.198582929497771	0.108777692644624	0.0856327015956398	0.0504776378317969	0.0188206666080281	0.0236627541514579	77.9827438129974	0.696438170372369	0.136993547283695	6.86371142521966
0.0563075318736315	0.137396336857416	0.0381455960094929	0.0545607092150021	0.0331533316255338	0.136200588950655	0.147234897629172	0.300452268299647	0.119865122152539	0.0331272500499589	0.028991449683439	0.0705019950223621	0.0735577563404571	0.0845996001007268	0.0465345581709407	0.0233370698216837	79.8442954992713	0.783633701340994	0.484054850847693	9.52054248636123
0.0644440435398254	0.0892917539460585	0.141534403497167	0.304384339277167	0.148220425427936	0.156263728465885	0.134942044139653	0.304047516068444	0.292527818507236	0.0683074388150801	0.0444752741335426	0.0632244893237948	0.0793031867899466	0.0393785796845565	0.0111743363159709	0.0735899153691251	77.3669750468177	0.712215818452439	0.353788138496573	7.28491012370214
0.182426584142935	0.0378523620340973	0.051959498175513	0.161489261866314	0.343269170757879	0.1845226703753	0.306210533184558	0.306351919432357	0.282053651480563	0.0123560299380221	0.129664717936469	0.0836869201193564	0.0679192993778735	0.0863235263924813	0.0330184874834493	0.0659255958309397	22.3364578119293	0.7254667476943	0.4167394742365	9.85479107517749
0.164562239884486	0.0843819688257761	0.0461850405262783	0.0362881065660622	0.36649567953059	0.0690191670767963	0.0935385915085673	0.218594208996184	0.26343844357878	0.0495391142868481	0.171247294306522	0.067435129616037	0.110073996610381	0.0948468387015164	0.0155605833183974	0.0373878960886505	4.00430811030557	0.772172920802259	0.274308642362244	0.552823284640908
0.0751351456215256	0.110297777005658	0.254490772002656	0.128130192336859	0.32525433229726	0.279008683969732	0.389219115588069	0.141314263788797	0.251269283652911	0.0945247903763687	0.0631805368826259	0.101958598842705	0.153318561087223	0.0777407234301325	0.0351748895685188	0.0201559580034111	56.6901693087397	0.716588517380878	0.420450539817102	0.406330850953236
0.0493469248315727	0.0704879679744132	0.275436856165063	0.124233931540744	0.10169228170153	0.143655284910812	0.262616525952518	0.213150416230969	0.25694924118435	0.084723514584407	0.0201129529140424	0.0652419011554215	0.105740443593822	0.0970586485050386	0.0457306832784787	0.0749062449300662	35.1735485135834	0.733178539187461	0.364527926311013	2.78922023137566
0.126619961423572	0.0680120570263825	0.289163552420028	0.246085912696552	0.120076473795837	0.0547550398318563	0.292535320321471	0.266019648374617	0.203801936684037	0.0936964481765903	0.0734369027956855	0.0976119799611624	0.171901744046342	0.0314684201163938	0.0128012851526961	0.0528368896733969	17.7233022854337	0.720516667992878	0.215508627235075	5.6008576832246
0.143836049031728	0.0915403730286285	0.17043332538316	0.0406179217786994	0.0413527449411969	0.251690227338928	0.261376636093855	0.0902977526258677	0.191926990479464	0.0204184465615579	0.0512334127603565	0.0770035173344426	0.107458674360905	0.0846756365867332	0.0115033124286681	0.0589412546443753	65.1647186620138	0.756628762851865	0.0660984653207706	4.81713309094775
0.0341833393667359	0.113323412366118	0.0773178836919367	0.283882380282041	0.175434780892248	0.107651215960854	0.0902334613099694	0.302545732298866	0.132165436998848	0.0289801058488735	0.038728606084967	0.0897726547726896	0.191631178173516	0.0419637434728676	0.0415227509138174	0.0740223725890741	73.2872514014482	0.742093034201092	0.445841578206862	7.1534658213146
0.0653752916190715	0.088298886998836	0.0245991124202497	0.288522508091992	0.186117456822812	0.370116159460042	0.179418108838797	0.308051943830773	0.285127743323147	0.021322981804068	0.0570480150453281	0.0999589042405132	0.0606542457427829	0.0656343921555905	0.0180268590771593	0.0566725292845163	68.777266535433	0.752991920453869	0.289800895927008	9.95954596623778
0.170958582021383	0.0435764514346607	0.0545182384012267	0.0449195350673981	0.258725431991385	0.0808308017634554	0.143945570307225	0.176727381202951	0.183284360581357	0.0233197607029898	0.097608263905067	0.0724681301971897	0.0891861794831697	0.0902472711195471	0.0463537719082087	0.0164046530655585	28.9431332373666	0.704506844689418	0.39706908156781	3.23094838694669
0.157441286109318	0.12781324095726	0.0794139139005914	0.272176504563307	0.0897135313751595	0.144701328922529	0.374531915095449	0.100683368945681	0.35522136428738	0.0430374880598716	0.0300626333099324	0.0611346967552323	0.0998343419825658	0.0959517355728662	0.0492441370275803	0.0526963271947112	55.7183966982807	0.747831236824859	0.493822403459577	8.7217380279908
0.0866339603399509	0.0551956944147125	0.0260080657566898	0.0630617762177717	0.12749291005431	0.160544233559049	0.118822031139582	0.193707877725549	0.215775995413866	0.0269683201783297	0.041666863382468	0.1391330805921	0.140782822673721	0.073348805671162	0.0449248849339783	0.0251595436647534	25.2611186550581	0.691811045268364	0.39258626834699	6.63798135912511
0.0698080924769223	0.0933427897894755	0.136486467512324	0.0604795914129354	0.11208994037132	0.0974094352716347	0.391176485593617	0.294133752053604	0.289236233116826	0.0913099787264396	0.040837633824395	0.0945287522368133	0.0938767492478713	0.0489738736541942	0.0490945021640509	0.0712449189628009	72.1224280482158	0.786343476267462	0.377080047715222	3.33668624025304
0.180315538341267	0.0495915286224335	0.271257748556416	0.251079239903484	0.154464060004696	0.331000289198244	0.155689034482837	0.130630007120408	0.110580735857226	0.0316024348644502	0.124322802356211	0.150488568771956	0.166791336073261	0.0786442316821078	0.04722018493535	0.0243903951530345	12.8688963218173	0.751419396668277	0.24775968965108	7.58168402677402
0.0311393372420222	0.102397459406778	0.0437001439726911	0.119147614061134	0.0853879306426481	0.0991849292652914	0.1863412789464	0.261335467493162	0.107157003880665	0.0371322887836858	0.0741812025903724	0.0982882419554051	0.133829750792775	0.0322520890082465	0.038670295927953	0.0345061402327381	41.3522532491246	0.773918914032029	0.454047837059363	8.21613421372604
0.160699020436156	0.134780412760377	0.202243443483859	0.206123991903616	0.270863942732885	0.239820740587893	0.279588392880559	0.222081134445779	0.135252818040829	0.0725928034670497	0.194892404345889	0.123552938746708	0.0874616118610371	0.0676946769155795	0.0193569708829746	0.026009234112734	52.564478705728	0.759097493618331	0.449958258625586	9.47115400529001
0.0559009443035	0.0517982592042536	0.175309639475401	0.323688878422137	0.223767550564618	0.356173084078473	0.246341990762949	0.210992244135961	0.235005847043591	0.0165054910761293	0.116464809951046	0.105295573121822	0.170551277084555	0.0306871067157481	0.0388129827678204	0.0150181131096091	23.9386683603609	0.732305591876246	0.384208827018621	9.74291550335474
0.0511369284076965	0.0488091400299221	0.105028689614031	0.300970317610539	0.191155629204826	0.132743620562484	0.339630009874701	0.152364893352613	0.231889087433554	0.0121093794470113	0.0875650624195114	0.194689899135986	0.172932172865095	0.0796809759818716	0.036751294232998	0.0513750728803687	43.1990669199615	0.741818376084976	0.472581099440926	9.60099684256129
0.0384659544066642	0.064276847750321	0.22686703063976	0.211923711014213	0.246026609691202	0.339954424337018	0.228135718940943	0.240819139878638	0.291670877169725	0.0526000281410888	0.0673090797397308	0.10333890403905	0.0987815133651719	0.0479576945215696	0.0286586828364991	0.0482350090250373	14.7998144088406	0.745251532658702	0.167786898136605	8.95879860068671
0.0793667806207726	0.0403932567165233	0.250114370167255	0.138021077830344	0.205588344914627	0.0946416435932042	0.207316140755266	0.28750574072171	0.237910433117393	0.0478219680429618	0.0958757926036138	0.19032311476036	0.110768220850592	0.0980230791839538	0.0375441366759129	0.0602543281294405	59.4663723616046	0.781384414204094	0.0609899496834259	1.90965811505448
0.153976397546625	0.030982478166651	0.177579158218205	0.241626612194581	0.329756025822125	0.268439688957296	0.300436197891831	0.174474011085555	0.181215650145058	0.0758012197212498	0.10606073362832	0.0919081078854389	0.162930807082029	0.085346819573734	0.0200367695625871	0.0351937239736319	11.4484068715898	0.693709547823691	0.0585703021383379	2.05733633793425
0.16283629341629	0.0871528476149775	0.153129411800019	0.173251708075637	0.2497922579117	0.384217464506044	0.315277695067227	0.16141855094675	0.332047053449927	0.0790783234763967	0.183273343687179	0.184318104505911	0.12127074360461	0.0311025187718449	0.0238730039319024	0.0387950810261071	16.7016280933842	0.767210505154054	0.413888450780069	3.74478810841683
0.161528321378707	0.0591826938922517	0.208250174671505	0.150385907206684	0.359452794154894	0.118489477962954	0.24872038108483	0.313667014355585	0.164224321742496	0.02386139045494	0.178019850582536	0.181360090374341	0.0932074267919175	0.066642659394932	0.0483350520217791	0.0321581722827628	36.2677351080673	0.694561335325986	0.337510576905101	0.0282090176595375
0.0414083110565378	0.132185121255554	0.293656060101185	0.116551923657767	0.268175501387762	0.34833788418863	0.0837040586814284	0.134007232739776	0.143998986047786	0.0652287252007306	0.0994484765934758	0.122395120541938	0.137455041266186	0.0933803225042764	0.0279081255967729	0.0598725222573616	69.0815756411804	0.81654564317842	0.120474283891846	6.08957205717452
0.177197413386119	0.121382174753956	0.193591635351256	0.27653166352259	0.218078156454617	0.0574689574172953	0.146496605701	0.192527287540585	0.358026330701914	0.0191855101665263	0.107463330139453	0.14670005406267	0.0766863648552448	0.0770912026067963	0.0357465635323897	0.0498716499856207	76.2219602275314	0.749079450907535	0.113300168741262	6.18989902937319
0.127879949892178	0.0767935317487456	0.12339949299423	0.0938568628870416	0.030843347262512	0.242915939131752	0.128331683345139	0.102607067839429	0.139807296767738	0.0417418638046756	0.159553312048223	0.0793077781117056	0.155597399080033	0.051715056284098	0.0187666632007807	0.0714795794889796	66.3610926775145	0.780580016414542	0.389307958765421	5.8682497105794
0.133564269896748	0.0775478672431782	0.0964693890193477	0.0878793425981421	0.337215134205774	0.309840251732967	0.294848298554867	0.0985755519615486	0.138257931475015	0.0396257974926007	0.126174961013487	0.19427876467295	0.113389830234693	0.070864386354154	0.0369425339587964	0.0689680005717091	39.9337169097085	0.736599435792794	0.0891201765188016	3.19411746619735
0.138470143367251	0.142722406078689	0.299312361036707	0.0681192215012852	0.305368570721503	0.103718960938626	0.336492848754674	0.138625500312261	0.24750533002601	0.0620367852450625	0.0857439987886232	0.171722090944182	0.183039630228095	0.0601462069484638	0.0397694055712782	0.0693662751398049	33.849384181553	0.728141690958245	0.499871865262627	4.02657165015116
0.113389664979174	0.0336351192223839	0.266420037262887	0.11364889174141	0.15854744061508	0.2286983557489	0.13921614022553	0.116404015183821	0.277128778589098	0.0277748353714892	0.119589346358273	0.128324180404516	0.142203791279113	0.0999617390328785	0.0419600500992499	0.0698107853468042	8.82035869934596	0.703987343732314	0.208063570463331	4.74791891910136
0.167983777576586	0.0802518895206973	0.144494974042661	0.15695957260509	0.319526108007585	0.0857991631696932	0.237116975035518	0.186605721382797	0.114188787228381	0.0320709615406909	0.13898300432656	0.113461811205186	0.0913909855019301	0.0637519462666474	0.0258598882865161	0.0252872003015131	20.8963762358786	0.707597628473863	0.303796193932416	1.45334771084599
0.175981714681833	0.147312962172925	0.0419514964429662	0.267153776781866	0.0692907379661407	0.170839605517918	0.330390460947156	0.292090509456024	0.172149546480272	0.0336797205537301	0.104208580216859	0.061899182760017	0.0658241009561345	0.038854028002033	0.0379639411558397	0.0505333556496073	58.2465799735696	0.702997321583098	0.0505512791451765	7.63319121946115
0.172478602376289	0.0663114750447683	0.0737907281907275	0.302980477372883	0.124448001076679	0.17621870475309	0.161353487259895	0.111570461681671	0.297873109893315	0.0405745692497112	0.0536534692061134	0.0813510358126368	0.0716871042014565	0.0898333354040282	0.0395026610176079	0.0562563591264188	75.6307091959566	0.710556129413564	0.299726708714268	8.60917917094193
0.119907974521414	0.0724379863293841	0.161480100476555	0.269252920844126	0.280997270861813	0.050708978614537	0.274993105810881	0.272902877985686	0.306328677089605	0.0155682803690629	0.160991364775877	0.0684971876950003	0.0825747508124448	0.0918723236583639	0.029354717425257	0.0556782640485093	22.0450160657312	0.807374616194144	0.0691163000528468	7.90719388627913
0.111929286021128	0.0529008489931002	0.0224284228414297	0.057241180338664	0.272028004521974	0.387338586552651	0.201807230520248	0.188355649804324	0.334104512812989	0.0658898142906667	0.11485331776985	0.195984204737935	0.084278676836798	0.0715249176327139	0.0308308558889665	0.0581861325443722	62.5002220765944	0.766376607590122	0.276556970221805	3.52848794988822
0.0452336345475516	0.0333727503184229	0.0874963401625864	0.29661433278583	0.0732425537786842	0.214444122586283	0.150843928138912	0.147028759385645	0.275172680818057	0.0182223987315139	0.155435719223088	0.180147219147487	0.189104138832819	0.0891119487049291	0.0217844436955638	0.0651432869827375	17.0881738196383	0.718533192512486	0.241035091217142	9.31441973373294
0.0982816598549834	0.0993665874746628	0.277764983236324	0.232210448455065	0.171326296110777	0.35884524844354	0.222052986456454	0.0887418710161001	0.345368990142923	0.0228190571043906	0.137721879056562	0.107419448296679	0.183933421439119	0.0499256295660744	0.0307673169989139	0.032613378991792	4.92147846929263	0.701688502704888	0.166542952316231	1.83171141545754
0.140095266019821	0.101447308733873	0.0713000261863694	0.258357001341879	0.161628340062147	0.0720320156359812	0.163775124694407	0.285016815618984	0.327308611549297	0.0253178392510228	0.0611630839553662	0.0766827591540292	0.0705160051418934	0.0726387072345475	0.0326950587470084	0.0495163434782065	60.9089489629795	0.783544675285323	0.154723511941149	9.28094313435722
0.0951540871507372	0.117024629002903	0.234084009465575	0.0972721741618588	0.224920064332641	0.287675942520727	0.174786495762318	0.122643888992257	0.340603134888457	0.0949583557596696	0.0330900461135898	0.174055170749873	0.119775191015145	0.0514352568968898	0.0149689387991093	0.0217457764838822	27.6570903527853	0.771221416141465	0.486565152934636	8.36195898128208
0.152731171026384	0.130793247394916	0.241102659618761	0.248205186215695	0.264819250363347	0.124098852484371	0.325430484796315	0.123687613158487	0.178175673053274	0.0576023544237695	0.111032053493988	0.111571756367339	0.191455961963953	0.0752709307914833	0.022967432806734	0.0702952622646466	70.0551902149501	0.74015186723473	0.320871397168026	7.4953164081322
0.117313534876436	0.143346759491321	0.285000437018741	0.231632660569856	0.278423979453763	0.165688648752985	0.367669148873538	0.115259165637381	0.124772935849801	0.0590553054193095	0.130672301446507	0.13641677273456	0.176710388887022	0.0744275151913753	0.0454566491413862	0.0721823527211789	70.7784594742069	0.727169097954268	0.458236028879415	5.31282899021171
0.167065249254543	0.0837370632760227	0.130074547702353	0.313931031146087	0.181902210572148	0.076775582717848	0.192614663530141	0.104999713328481	0.3532941472142	0.0258596364535331	0.0765216342492495	0.11551411112221	0.0902376770150848	0.0551921724492917	0.0321675506707281	0.0440202757815365	49.399359875822	0.731398324680235	0.0745651491892058	7.35105248384643
0.156120987996191	0.120494519410003	0.125965195283573	0.253174789539538	0.194017867769173	0.14969586810458	0.268159091488272	0.246978576139733	0.237441266134242	0.0456135628707856	0.0899681278959382	0.128790613806481	0.0631593863804359	0.0411419632893754	0.044135455421824	0.0473511692406144	57.4791124914819	0.72916305935476	0.172251917131245	4.99198843126651
0.100603727232834	0.0430463155939244	0.0843053736967035	0.0255549633244518	0.0796869911996997	0.292288767581224	0.236100284568965	0.236878831161	0.220352033674438	0.0881016305421086	0.193812156061176	0.074805085524125	0.1238561869964	0.0678685064828722	0.0313490340376273	0.0392510830296669	49.1486721962458	0.747025428116857	0.0960289657337125	0.258976484136656
0.0464100421641895	0.0477686828085221	0.0616968503550626	0.235709225568455	0.214268816485563	0.140597495204303	0.227133189367503	0.108864044102654	0.150868553794688	0.0300146060109737	0.168986702525895	0.188890516180359	0.194898709053779	0.0735902753440431	0.0240958659878001	0.0547900946705136	2.12591367567191	0.705753350353264	0.12261330329976	8.09317844423931
0.150364128655841	0.0998935143297538	0.185125870479271	0.222675430907169	0.0829008636671864	0.301619704916375	0.24088835182935	0.163571231449023	0.331394781852886	0.0908445847046534	0.0791381676292047	0.156270131322742	0.12578405571864	0.0928416750725824	0.0296308837589808	0.0176456395693123	18.5375216366979	0.711731900200061	0.142307567586773	8.57743246837054
0.071794752085529	0.0786516170195304	0.186908204944246	0.181986130185891	0.1764229131734	0.305571735503152	0.183239117447287	0.220379288361967	0.22832092565028	0.0750014238851205	0.153384816372907	0.0864804702135269	0.126183307211613	0.0452558101791656	0.0250020924975164	0.0572945622917265	9.73891868075356	0.808339714124682	0.127257099852664	4.65958736112807
0.144390984520526	0.10404080757061	0.272795864929724	0.223347802661126	0.0505753919630474	0.276136633631075	0.349219575746357	0.216373913958669	0.15768387874146	0.0784022981949677	0.0911733390811831	0.132455308803264	0.0960186289063189	0.0818914643832948	0.0338360849133693	0.0479176460220013	50.2574655073509	0.765128914430644	0.112025466735242	0.838244668394327
0.0824653306756401	0.119672119623329	0.0577919287974015	0.238173278769944	0.348278759237258	0.39063822739746	0.346567407589406	0.311321028747782	0.211516381220147	0.0540215498634861	0.0692106513033155	0.138010446313722	0.11493363938611	0.0613539653645828	0.0170929656623863	0.0411404371258803	53.5265712834545	0.761187292846385	0.466596406599623	9.14763580865692
0.0604393660091213	0.0600816144500859	0.101912573520187	0.123277952128556	0.314254841031628	0.121903469128651	0.370368748549372	0.172107887554169	0.213071572791599	0.0133406715188352	0.132008668119228	0.148681029649405	0.143983529077983	0.0572736168612028	0.0106871146220714	0.0159598226660863	12.5800768110412	0.698485819202405	0.284700258789351	5.75745414257981
0.130427040045639	0.0386543033050373	0.0318851683763787	0.0816986772899982	0.227988628629541	0.0816223521038191	0.16799942188561	0.156958237323724	0.177306470526056	0.0198090480440285	0.118842562597897	0.0663653808234725	0.13232985821981	0.0832731531852391	0.0289322383191437	0.0309333917677402	9.13665453730384	0.709236470693536	0.317744551515672	2.30860343994573
0.0534387442594511	0.105103595726006	0.221968255825434	0.142352588034235	0.187276669103615	0.163080776885152	0.100057242696732	0.182727028776892	0.199284800832579	0.0885047990434549	0.121539706162224	0.1989103492097	0.136256667833263	0.0810312055908376	0.0319823912374675	0.0633510375662707	50.9916215983662	0.81058367340574	0.253559094239492	3.88213955280371
0.159132639394479	0.0909065080960281	0.280410817889869	0.0883698302614503	0.308710798987763	0.226016683486872	0.233048822394013	0.230357987037115	0.161305943607911	0.047284868314428	0.054872681786865	0.170345397968963	0.180982262275089	0.0458597309884848	0.0363250842606649	0.0428557527653407	20.4670251722424	0.73815451028042	0.203759705579956	6.94554179238621
0.132154637282982	0.0410572620154358	0.262517155401781	0.102597673979355	0.0359590217323275	0.235550860340241	0.190983475796878	0.118775820629671	0.102100575915119	0.03669642598949	0.189732876114128	0.104723253172869	0.135389495737804	0.082616616786411	0.0213346425511874	0.0539818255059421	46.6750342230196	0.754702335701929	0.107531645854353	5.58875571941026
0.125512369034888	0.0349412806495093	0.237478398025408	0.193111937363632	0.105445062497293	0.204762606524862	0.157963871274143	0.151990676946007	0.206645885777753	0.0507806619877622	0.133996154328203	0.14382714280514	0.128483022759249	0.0989301525818184	0.0265338169814087	0.0638413687655702	2.82836796348449	0.787663098809682	0.160835030728602	7.86803554932121
0.0927797579015372	0.0962787597049959	0.0937359773824923	0.264284130956046	0.0726189667049842	0.23435448712064	0.399700598808378	0.316846662566438	0.127656192285568	0.0673748803138742	0.140725804646034	0.130064428057382	0.160506772328075	0.0534697938771453	0.0156208864788525	0.0286222595734522	26.3633882160462	0.812854978896864	0.403632764921407	3.93787133183796
0.0395540778139606	0.129586482798122	0.138009360139072	0.177580264137127	0.0615674157847045	0.153011118521448	0.270294931810349	0.168014385561645	0.144664617105899	0.0360451044033545	0.109872821344621	0.095585203037085	0.166007760568149	0.0338376535330201	0.0439608764872886	0.0446915205596946	5.67599376284284	0.793352281166264	0.17794341839035	4.16304563798476
0.107540096864471	0.144632266567368	0.241273782907426	0.319167092418997	0.097876771597052	0.217346840182086	0.362216622263193	0.256919107589126	0.148759942956967	0.0717879133634046	0.174391821264476	0.118329961107066	0.118162331084255	0.0380932511137798	0.0207755940480158	0.062601206302084	55.1584452240448	0.757606518495106	0.357016849818407	7.78123215539381
0.0813126152218494	0.032227657519374	0.168041737382207	0.217605340113165	0.345506236756288	0.111182243156014	0.0973176350854337	0.148994370142743	0.242664166055294	0.0351022806206902	0.148257290358096	0.142535634569218	0.146848655432649	0.0879125205686782	0.0270804435155354	0.0213407357603777	6.35606478005415	0.697386266889679	0.378906603980227	2.92309645370115
0.102742965938023	0.105637108942866	0.294874228787143	0.280437024042476	0.240994022382782	0.173889486719039	0.289322402921319	0.203348588971794	0.224702884438867	0.063645123996367	0.0795254143833649	0.160459601110453	0.158516513976036	0.0576264599906281	0.0345282749082893	0.0544383165686857	14.1194894741313	0.725067301547178	0.0845126295021037	4.47526021648664
0.104670880904177	0.0949203959916718	0.112119258974586	0.145557441427838	0.143915835254523	0.362629236947047	0.386395975533873	0.264500940479152	0.339132332046377	0.0612040913670184	0.181782838305319	0.163589615639159	0.129715531158866	0.0542821920327842	0.0334066789007746	0.0610902517406736	38.013027100279	0.719509986031265	0.432368006954202	2.25773359774612
0.0681176988909778	0.0852086713914759	0.117580780802667	0.066979920550948	0.29002998206812	0.322463471073075	0.110672705976665	0.0856260457770899	0.319604353513615	0.0553144119189328	0.170144420617726	0.15394919302687	0.193937098442251	0.0798596364266006	0.0209821450949647	0.0273425769971218	10.854457846419	0.737961531910952	0.347018609639723	5.08014278933406
0.0628660405465634	0.148483975488413	0.0654800148833543	0.0473797927524429	0.293260394088803	0.256995756384684	0.210583634758741	0.269562460648641	0.351305366098601	0.087535938669225	0.0492954725095071	0.188036119655147	0.130322640007921	0.0414005224872148	0.0253028978179209	0.0204826619277243	1.71921827321639	0.775195340847806	0.406230022550328	4.22160224951804
0.0373202331599663	0.080425038927421	0.197296674924623	0.185005098984577	0.254374340896395	0.352274573545787	0.371296717315912	0.276745582314767	0.268780548768025	0.0824089409188067	0.185661521990364	0.126264147493569	0.160985513637401	0.0468137590117287	0.0120895138256252	0.0681717900387011	37.2837002523942	0.762776870498713	0.314755285218125	2.64915675988886
0.11053839417671	0.118338281282131	0.0364029481229372	0.214696685544914	0.3308856144887	0.305120928924996	0.321484318441153	0.224665201697126	0.174109129632032	0.0464418892236049	0.0583540419300553	0.161958194195479	0.139770099985693	0.0558671818577452	0.0234438678176142	0.0516423701439053	29.6117737822491	0.818136821645684	0.230010895351996	5.20680289065931
0.178726136737654	0.0446304137025028	0.219993854714837	0.22644565291144	0.136038389957391	0.378799607601482	0.308224676637351	0.201565195763856	0.26114490492125	0.0141293378532224	0.0816955692706164	0.133839855692908	0.152312567436509	0.0978612998752855	0.0179481410419568	0.0436986714620143	71.5401222019643	0.792661504307552	0.0805433060927317	0.6617959164083
0.0426323641483206	0.125850492049847	0.109103132205363	0.0313700255542062	0.35588616335063	0.181480905788951	0.303265775737911	0.233410904453881	0.305156075344654	0.0801747017843747	0.0937922336855904	0.167756264147442	0.156707161887269	0.0357275038747815	0.0405948939757422	0.0171211975443643	43.7730371105368	0.750156031487812	0.461265555661288	5.97513292350341
0.151639201727632	0.0820927936169319	0.245838536410127	0.178044913309161	0.0944363427052624	0.264484816263313	0.255231541538984	0.25915028664805	0.254543967884919	0.0381225638199805	0.165870219021244	0.112089546038955	0.111926567690587	0.0910322052295553	0.0196610845399089	0.0467233866190072	74.0946337905014	0.819442870606575	0.0944387835260714	1.27800271490123
0.108087721322261	0.110733621453121	0.212660685435683	0.290139561127406	0.0429588208840601	0.199147611888009	0.329300268938392	0.283048778338358	0.225889971668366	0.059486387660349	0.142467436262919	0.186139846905787	0.0821967987974174	0.0401347232999513	0.0283710234129801	0.0615487449710257	63.0220698145987	0.763444065584359	0.31069497483538	6.29291399409994
0.123025004766416	0.0557996912157163	0.180933406504896	0.200218910251511	0.288296757174984	0.314213092522929	0.277106366980076	0.276889497141913	0.107848118316382	0.0520947779757259	0.136248290688824	0.176022537233913	0.175738923638593	0.0371024976570625	0.0222255976625718	0.0269895958910231	61.1112041246984	0.806724703021184	0.191445297775441	3.00867290417664
0.169549667297158	0.094566260345187	0.150534147556405	0.191427531754132	0.0644840320105571	0.272293110190076	0.36121408597827	0.234050895370543	0.295931293846387	0.0602877453361121	0.0711332407036796	0.147762937814137	0.122148465968529	0.0699319844068959	0.0343584983051755	0.0224913150463253	45.3434134823945	0.796325366090704	0.270198543123668	6.41384894240182
0.0857042063822213	0.0580707462541759	0.114197894319706	0.169814369194908	0.353717632339913	0.282216516004992	0.2820725090608	0.183335762344487	0.205547978794482	0.0821026932597479	0.145362053624541	0.0800800720857922	0.0647350617869757	0.0644382632222027	0.0224126113738865	0.0621643646046985	78.5477087616059	0.794812321348977	0.260549147877959	2.82003767630085
0.141652209330606	0.073572197264526	0.0500225896352902	0.11113619554718	0.285515687815628	0.318746274842066	0.116805847582966	0.195638009545021	0.189429647854762	0.0690090966803515	0.146147722808179	0.140246111667668	0.0741647188950796	0.0658855638811598	0.0301065067108721	0.0728679657004773	32.7569568826421	0.768897330409777	0.184758139606682	0.993035955773667
0.147857510216028	0.0713201747928746	0.200566406112816	0.104547319700476	0.233419841974364	0.188621969111031	0.104447159262002	0.128439375230297	0.301769174927706	0.0834159810500217	0.0480316638100892	0.157872662759246	0.199436740765534	0.0616500633685151	0.0124591776782647	0.0299099726993591	47.5783529634355	0.735153000973701	0.327187482037698	6.3040707762586
0.0773136711606639	0.141099478177819	0.0866403414065018	0.189437440644251	0.0549993116110703	0.203498247440555	0.354647054937482	0.270769879826531	0.21854738288871	0.0534887249366834	0.197797085831407	0.120467048591934	0.169133514225204	0.0333199251580751	0.0410273310872726	0.0370673032340594	25.5490608418058	0.800959865820641	0.282831259365194	2.4841852639569
0.120950904462748	0.134235231872555	0.133306752872467	0.133522697111359	0.110010236945827	0.326942864524666	0.379663882641494	0.245028349147178	0.315751888624067	0.0771526310824649	0.0467401634433307	0.119987455780804	0.100739532794571	0.0368825342847733	0.0469852277548984	0.046144722116366	66.9738143617986	0.815751007887814	0.440918894093367	1.72898101934697
0.105707552873902	0.065398243866954	0.171994262909424	0.13040737321577	0.296896071659823	0.367462863517809	0.393745368213207	0.250682910007425	0.129106793990824	0.0560119021783236	0.126737379097985	0.144128240878694	0.154699586945167	0.0527856608764501	0.0134973702679388	0.0330796039528213	32.1436562777194	0.777735940830619	0.343463155771024	2.17227639579214
0.0615022814591357	0.136170136809256	0.195573432843666	0.0773513845568523	0.362636368323213	0.25438602288242	0.199456796751916	0.180699523041584	0.342767974061845	0.0974893042279487	0.0843091376700904	0.182361763823265	0.187068240917847	0.0488898768552346	0.0427524733169004	0.0383987119995989	39.5088037045882	0.779465903565986	0.433891409909585	6.71349599917885
0.146746132679284	0.0747262185442261	0.206140445207618	0.317865417812485	0.163453400803586	0.247221155142412	0.170398331038654	0.136141989964247	0.196959328149538	0.0486587122827675	0.113409317832533	0.168521287290519	0.185402291576145	0.076220801029331	0.0245642548674718	0.0414624285649974	15.8574538390292	0.713722393970191	0.222443615330965	4.56258660976309
0.0740548840986041	0.0366371077615768	0.190420327837672	0.0516642440175638	0.236248229072692	0.372267296305159	0.311259107331932	0.204840531778522	0.156344276456069	0.0448341213479887	0.151848372230632	0.0888202988095582	0.148800837004371	0.0580490604197141	0.035457910320349	0.0424962017002981	42.4274353676685	0.786028712890763	0.216839123830083	1.3672055043513
0.115916835008428	0.115173291224521	0.257049249929283	0.0955141998408362	0.132972348377218	0.340668518526945	0.127599480127543	0.080123570952937	0.193937051234627	0.0665803239527068	0.165197817788832	0.19166376616233	0.178276791293453	0.0881578301287023	0.0160320060578175	0.031754733641725	30.2498874523281	0.755631068215542	0.332062995026587	8.49320364710875
0.0766343552834354	0.050656417493429	0.127110406154394	0.166844663439551	0.211414892384387	0.210340092347469	0.212179406956583	0.106487380297855	0.185918962092791	0.0294576776650706	0.192082989642723	0.159094321306376	0.19700188896074	0.0758613344887504	0.0263641608973034	0.0278057932091877	19.3456297644554	0.722337675354839	0.264439413321205	9.0705161590362
0.0839008941568725	0.11192198512489	0.0643422062551603	0.310358079045545	0.197544165782775	0.191499819119344	0.35736003568247	0.254906738765724	0.316511923156306	0.0764234799447234	0.157577871505404	0.172288625464309	0.116830059933569	0.0434326230435865	0.0434881992463022	0.0341428545284551	47.8392414431111	0.789747285621078	0.236743262644042	1.0423231843859
0.0970428031154443	0.0630887097713538	0.227283561381791	0.107744852411095	0.210159558984295	0.196130282543367	0.107118321920931	0.0934803639244288	0.244033988558454	0.0402732054419925	0.175306872300571	0.166135751985153	0.16465752372737	0.0814031854863511	0.0147957639849745	0.0354983803831972	31.2104277581791	0.743875223354646	0.229494194986648	5.18011769326404
0.0913453570678539	0.0464000696073286	0.14827704385845	0.0280855293548666	0.149441693414629	0.28974919596198	0.217673836524785	0.238777452257089	0.165004665200086	0.0627536152720582	0.0948932650534436	0.116295019625267	0.198509130155435	0.0631353443618864	0.0273299514059909	0.0192867799543776	38.338772383756	0.797237090486428	0.198905973327928	4.39331464348361
0.0588043542367814	0.0688080953900702	0.231391226548143	0.0824775257513393	0.202458664992151	0.398736548418412	0.258755009304732	0.17058319305256	0.280209398959717	0.0568713060690372	0.150328891784651	0.124801631835429	0.174347464866005	0.0559283747121459	0.0139938305059448	0.0288309705742635	34.8501389977592	0.769325377952098	0.186259782255045	3.61701760322321
0.0514606453395681	0.149388845642377	0.163307637207303	0.163375998209231	0.257314851985117	0.129855603925302	0.123899929091334	0.249932929794304	0.270076050735591	0.0805996334829947	0.184329618296353	0.164900069324253	0.14622769258921	0.0592266188592184	0.0143229372289032	0.0665081773134414	54.6284061752236	0.776072693437943	0.341206097748596	1.11820392834488
0.122554774643679	0.127101939770579	0.157424032795336	0.261721834260272	0.0581309535316448	0.323113894207519	0.383757014392316	0.2966804151766	0.249541832994623	0.0865970875578893	0.101774603343941	0.151701671617944	0.108518981473427	0.0595617507621413	0.0381879148876295	0.0453089276233222	51.6449303602101	0.814158303572447	0.252033579449984	3.4962983389385
0.089264493008185	0.0983841595801525	0.154499750970118	0.159404927748255	0.16765583030286	0.336161150567583	0.195215106216073	0.208657405024953	0.274179238356417	0.073532124194663	0.188972427557455	0.109872801011568	0.103170465255342	0.0622711346037453	0.0173587225906551	0.0587893099238165	58.7088353653089	0.799410859942972	0.151352678871248	1.53051131546963
0.135057951248117	0.139366594082583	0.260233112200629	0.202431080950424	0.309953980357158	0.218389103953959	0.25067629443109	0.0952574141025543	0.168730071610864	0.0709746543175785	0.0262628502777778	0.198303424619325	0.188271140934015	0.069070998446946	0.0444874179450795	0.0673738043200225	67.5904947697208	0.798014477289282	0.369355876904912	6.54013414930087
0.0902479948529624	0.115444898225181	0.214860197430011	0.151055110674584	0.139327611083186	0.3462121019318	0.334595864807814	0.228426706824265	0.324338659336651	0.0957145736398275	0.0647902763957158	0.153100752650294	0.0796073654586915	0.0463444471560651	0.016641851979401	0.0671419675081037	28.4839668550459	0.790386182357604	0.198425935712992	0.112634704820812
0.115071943207836	0.123190969219711	0.264906293002702	0.210883683676599	0.0908171094245533	0.381120467146509	0.342861350746453	0.279908365011029	0.309091332438821	0.0700303452203167	0.0666679443920963	0.134746008607233	0.150727655055933	0.0347223699293798	0.0420287216085009	0.0399021123350132	64.2421351273637	0.803857687158696	0.372466033819248	0.719231004128233
0.099045764378109	0.12470625859648	0.217623887998052	0.139570333297132	0.244164413494484	0.295994273259537	0.287517478501797	0.144346543421596	0.311864286112925	0.098507675674665	0.0238258755744435	0.177458379419241	0.145326993065514	0.0695958019713405	0.0428406259457581	0.0300359753332101	41.1807247700891	0.802247551530902	0.479956031597219	5.48492823713459
