95	90	82	81	71	52	43	42	41	31	24	23	22	21	11	SGCn	tp	SGCp	SGCr	m
0.0394912415753654	0.0420519003547355	0.299121964041255	0.0482544335596263	0.205633978282214	0.116169121030718	0.391661258133352	0.185807886498421	0.270026556396112	0.0781388998441457	0.15942211075943	0.083183398041781	0.158462525361944	0.0401202157520689	0.0324583132516965	0.0166495321159624	63.9024128273204	0.807266924961498	0.064771760770632	0.684896353939548
0.168303105227421	0.0384769399354979	0.0266807827457041	0.161056839902885	0.040157945391126	0.315943425836181	0.320882448893487	0.217079823242277	0.122403584347498	0.0124790557204235	0.140337459866833	0.0683409104898013	0.0708432587521151	0.0337941308312211	0.0449567764076963	0.0215901673134975	65.5593111323249	0.790148581854813	0.0719599935466889	3.1425134669058
0.167514000676151	0.0453958340604231	0.0463597891812399	0.300771419689618	0.360023546788787	0.198519004779542	0.380913974027038	0.298112297126576	0.100090714027751	0.0971526159283623	0.15267201828273	0.0784429315419123	0.0674095310929231	0.0308674233999476	0.0162093756026775	0.0400472969003208	18.7473347789403	0.76851706542043	0.262630088335741	1.53153847408481
0.156248073135205	0.0318334516486153	0.0280713209014013	0.321483583260234	0.321076170602525	0.367051847606991	0.387127580586374	0.302093195084035	0.344370538078882	0.0280314424060474	0.165497459332775	0.104590615427475	0.0602552232474834	0.0524504526077863	0.0316592687626556	0.0166947660610825	5.50220816874877	0.800062294546422	0.259951120617054	0.0335981894377619
0.13492408657976	0.0342699767120183	0.0201500454282016	0.271012432173733	0.0787388675670298	0.235787442224193	0.230181636341214	0.086191390503943	0.208100529942215	0.01618980725075	0.188766326171588	0.0729676811274141	0.134300558959264	0.0691360100364964	0.0467080966225639	0.0172492896766216	5.28677013235819	0.763571856468972	0.1109317370662	1.42268380526453
0.173488474428649	0.0348295129222423	0.10111195614446	0.303011843526736	0.105304392332155	0.258036916232016	0.0813882177436352	0.177425212349817	0.17643682416426	0.0170229291550495	0.0661896106542088	0.0868037812177092	0.121048321107142	0.0879411068479903	0.0383687092147022	0.0385780130664445	75.0481789709274	0.805445010439735	0.352587125785882	0.935449013533071
0.0459878862030781	0.0398617559744418	0.247603853935562	0.072238513452746	0.333767014599347	0.0644802379529923	0.349140181695521	0.0821225802280009	0.102965643094927	0.095514321394372	0.0236834029356018	0.18465423368115	0.188035751042347	0.0326149021291267	0.0244357786453515	0.0213880904844962	13.6436024449412	0.791342807567548	0.494696847582469	0.659478265782818
0.17964765028374	0.0480135162723809	0.0354555057182536	0.291787518006098	0.342226286598493	0.0501250750344247	0.0906226859948039	0.267143658229783	0.353699907007981	0.0596303605977756	0.177281867229231	0.19481789474383	0.103931627935879	0.0366541500635631	0.0483737121613696	0.074621580045484	16.9594547652313	0.73579207730785	0.486534040192887	5.36663016381674
0.0334897656759666	0.056844689931795	0.0321196421333402	0.0332515843965113	0.362263490372907	0.128407677427679	0.398820830228031	0.227428389051929	0.179763906722013	0.0318079374408389	0.181776607308723	0.105680322150663	0.194424632358514	0.0928483717316762	0.0333591417210549	0.0225989116374962	7.24358128114231	0.72736852671152	0.0945642577815801	5.64045157628134
0.152632524650884	0.0326576347153634	0.253351990219131	0.211497973821405	0.0310983574185614	0.298534074678877	0.372655528174937	0.144256454820409	0.115532899756916	0.0527417843784199	0.170701761330683	0.0648744803119265	0.0618971544929594	0.0925147591485828	0.0464737538970262	0.0318096884982102	14.9153628716152	0.794499357387079	0.37226568699996	9.88533204183914
0.0858976778027252	0.0467288838724047	0.207536858126968	0.0604489061092027	0.0594706421708325	0.157084395200526	0.388275563479364	0.098472708973363	0.250837175499313	0.0632140147762788	0.0775776211248711	0.174370541134216	0.0915939510418102	0.036057592059141	0.0413035690786317	0.0255355118267052	57.6614754456067	0.69340282811014	0.469150372187328	0.860886610578746
0.179197341681332	0.128529804223515	0.136828531856835	0.296917831574101	0.293753131981992	0.357541894451436	0.326401163069606	0.223187797042504	0.234300335425567	0.0228409091096892	0.105985959493313	0.180663856094331	0.125056026314478	0.081788476589378	0.0173874573931843	0.0296019023667276	78.660603934898	0.81183056512204	0.421656180696422	9.53594672254287
0.168828539442283	0.0416281024481356	0.12287717954956	0.24714402410537	0.0648572784705702	0.104231641597301	0.095025749450624	0.313306258062944	0.114490273498893	0.0267206931058521	0.15669167739654	0.197048624208719	0.0817033489448018	0.0749593191117235	0.0172261418038234	0.0631887897834554	1.19612868257985	0.785979848399935	0.0627892026680987	1.1947363181971
0.0345623112387024	0.124039013929032	0.281624645935707	0.313610861092992	0.0492847759732846	0.143411447223555	0.362494019035995	0.225855860281289	0.217586289515626	0.0577786367540792	0.113130102175251	0.183355967077967	0.0640372733542509	0.050140996473236	0.0455534057346359	0.0749319603043422	77.3656306280447	0.802940885024434	0.127061290387856	2.29826470220461
0.0515822751198383	0.0334869152312726	0.213930907029882	0.245177894783113	0.239904841354432	0.100738546217466	0.0868864632564783	0.135787333312184	0.19001737519538	0.0709914828354437	0.021663749090638	0.130115080723856	0.0962908026363514	0.0774068974407576	0.0330637397402152	0.0484334350848198	37.0356933189733	0.803602919145785	0.499039650017209	9.36570943816565
0.174119608460537	0.142238034906574	0.266711610742323	0.282755838764273	0.331237759740932	0.306550334345689	0.153630715276003	0.268746761181354	0.299177453509998	0.0617803418216778	0.144185858822092	0.196356542264689	0.0670870089467987	0.0332395128869545	0.0389691766252369	0.0311649996455759	26.6761534336507	0.789649053646373	0.284597821054142	3.31703706675209
0.177659359567026	0.05467665513888	0.10580751912199	0.0901899141133763	0.337501601270946	0.0559031924324576	0.228380891046226	0.0851333959271759	0.118814336939286	0.0923547508167043	0.030849988234695	0.0968942215920799	0.0655137619490735	0.0933321484873444	0.0498523034192994	0.0674665422475152	9.54514558613021	0.811459902273556	0.488744325836701	4.33156279050745
0.154160734824543	0.0410348226074874	0.130671222778372	0.126224943615031	0.124446320548999	0.335118226677319	0.308895070504546	0.0928307827847451	0.304762500269487	0.0563670571466962	0.197251210587677	0.131630439391844	0.179959317073971	0.0776055229153857	0.0413636901692301	0.0158268448746018	73.4313205869719	0.804050778087471	0.381170545706432	9.5602443935629
0.0419543461618549	0.146544990198612	0.0299222986701876	0.318567601813097	0.110204553108688	0.15182386719794	0.393782106105983	0.276478098711744	0.326104188631922	0.0669249293769008	0.136796283600777	0.0684483089190908	0.0852739094305783	0.0489577097837534	0.0442232541626319	0.0702087936147116	4.34160207418725	0.691698747412655	0.440063813102432	1.63555003071204
0.171143376422082	0.0733610147205368	0.123743256644756	0.0546155393316411	0.0268910395864593	0.167090417659609	0.232168087822795	0.0807673318054527	0.233220675769392	0.0941227856425466	0.191311271199565	0.166230622096639	0.165419252809454	0.0909977914884035	0.0216585311202332	0.0460917418055981	15.3420248334259	0.728451441347916	0.0690099286944605	7.73906981206499
0.161915546035541	0.119712007203922	0.024725279934071	0.0437706193666905	0.34730581177309	0.378204550220864	0.135081291807592	0.147050688441023	0.133838109455481	0.0178819873708669	0.183929688747209	0.121916317762658	0.199648987500947	0.0342304874658212	0.0460060768001154	0.0351197213253379	38.3187434018962	0.8077264862723	0.394223910613079	0.540184735357761
0.0744452804089012	0.12498060852807	0.0648045684907958	0.257719676703587	0.118269607305222	0.318176771987882	0.18634718693167	0.300062809247896	0.33165169735672	0.038960889428686	0.0687908491804078	0.127613241407629	0.0780042992226779	0.0872923556944821	0.0384914094052091	0.0594909324026853	36.6566576693747	0.801965737994919	0.428912208262924	3.26971096421592
0.155296975153796	0.04836597587239	0.141915894916728	0.0759518347577192	0.153303411346829	0.334010852009896	0.133638461485803	0.306491451279521	0.313743996537365	0.087842177276354	0.195051162370481	0.0889017758801207	0.0615104153156839	0.0791175901860837	0.0481768501354381	0.063509801200591	29.8074514632151	0.819210909112804	0.122414818785759	1.71798846133985
0.031509549039104	0.131043998500854	0.159781011573784	0.285909279275406	0.262857208546732	0.396193331214925	0.317106748319864	0.308043325948417	0.146383352530394	0.0677870206656193	0.122882117182985	0.199183690950666	0.163513243853468	0.0506269834219851	0.0204549398689717	0.0548229523282684	36.7109432093296	0.810602491064463	0.461657931080507	3.56918822917156
0.0536364420511201	0.0529672493255138	0.186561050256155	0.159155362765491	0.182101605664365	0.124147459596442	0.128321312167943	0.250567928116396	0.223085855304971	0.09441466775268	0.0432099045367539	0.103312388080377	0.113775917823147	0.0358330611181725	0.0491800040225312	0.0490110421707295	60.7631947044469	0.766372289332319	0.344936401119223	2.8554149966035
0.0379440353356861	0.0534259665453806	0.0897128168170899	0.0580535239879973	0.0535128373792386	0.277180258313706	0.240528227218688	0.104214553412125	0.18940292337263	0.0175165826725051	0.0365796418799832	0.185684494126309	0.102432030024771	0.0395142620197032	0.0136854055672139	0.0368575795562379	64.3707224721517	0.797094662450394	0.101575056483084	9.87479614350945
0.177113534768231	0.0705294401594996	0.190351318803355	0.148501392225269	0.289456049190837	0.331750398144778	0.123685585099161	0.244786432687938	0.107575909294877	0.0503072661134918	0.199265460276343	0.192126949979961	0.0862021621992625	0.0467480901033524	0.0103357699252665	0.0712867538791336	74.7875421645073	0.784516224256586	0.113513759036083	8.91772499015555
0.16696062329083	0.035836767754443	0.194228841411546	0.0952882094262168	0.242073415209728	0.328112654474191	0.158833087682724	0.199953823563904	0.147137385234926	0.0820235879729806	0.185470148656778	0.189074939472117	0.0731420511695556	0.0423183834662661	0.034252823577784	0.0700482111328281	74.2274257069603	0.810877166166063	0.0675822893465869	8.02920484130271
0.163185721471077	0.134084180776253	0.120228553411663	0.0937611302921549	0.0848779607510548	0.383587978091463	0.0929538581717014	0.29066451520741	0.126341597205978	0.0737757004071683	0.150397537335921	0.0918508104463853	0.106527907962166	0.0544208973587304	0.0477137954157963	0.0234040068393387	71.1006458216021	0.815183621809771	0.160476969613554	9.92719990147278
0.0373781603946327	0.0405585824516416	0.0667068216672912	0.0266821252096444	0.0626204205657365	0.394853940652451	0.200804821803272	0.193672636154145	0.125153435639702	0.0364167480558885	0.0589948171018623	0.167689451212808	0.100983349772524	0.0637108560273051	0.01847452603098	0.0306716961091943	14.2870907341223	0.819834691778487	0.0549345394853037	6.9037614553608
0.0511624673877982	0.141173654640578	0.217853334077932	0.148711252859421	0.194542233440931	0.15962630407596	0.121981686846912	0.232557748186365	0.357322988976147	0.0356900849514401	0.108517701744549	0.197441344212499	0.0797502738330141	0.039773981183907	0.0176897847177088	0.0623543416193314	77.5141248968318	0.749055130758509	0.483218540203338	5.69678112554364
0.176707606665173	0.0737671618761867	0.220845554532148	0.309607590200659	0.0263432215656098	0.292009565377608	0.307789806207418	0.0845652924460918	0.241519576912504	0.0190337682304483	0.034062040364258	0.0942581792364642	0.137597105112225	0.0807969593633804	0.0322301512991637	0.0508629100363143	50.2586862970432	0.815804969884474	0.188284911068343	9.68339591146447
0.170366484833884	0.132657857551016	0.22015526344981	0.0293778401982971	0.312592912634063	0.313263736700173	0.103101257407665	0.189041733204499	0.329397514916044	0.022629223669305	0.155113574962988	0.106561635416038	0.0906636778032966	0.0341129170606006	0.0415247864433006	0.0707692839385942	31.4835755723184	0.776788680887567	0.287821236610552	9.6705937868543
0.07864731664425	0.116830549398065	0.259476431837901	0.193244247942604	0.0511337685314724	0.231933890056843	0.0925583823257685	0.126419409212917	0.184884765120987	0.0278201361628473	0.174328998628464	0.0607152009282447	0.192181434810963	0.0409544184469152	0.0487929557676613	0.0609518139486574	36.1145164935347	0.773761205255892	0.239352221780689	9.0503574305214
0.0608279872815311	0.140672460498959	0.0409796476042643	0.240497959047835	0.35895630790824	0.105569086429197	0.100298278005719	0.113337379777357	0.263864558114074	0.0731179762094677	0.0984368095239811	0.0663017787077092	0.1917180746313	0.0716961533511989	0.0339673118748516	0.038505736839138	79.8678336371221	0.694534236432649	0.448295029257284	5.26760995247401
0.150424735425813	0.05842309469942	0.0933873929044232	0.164664130899124	0.0284014061688967	0.115244439075049	0.0856449096179008	0.182236960808188	0.226345710040089	0.0315181887593504	0.162383719598278	0.177806741975769	0.107976656780317	0.0910933962478396	0.0133300602640584	0.0260211595634557	26.2014525072053	0.795264561027819	0.137802603586717	6.60346630240791
0.180135037886258	0.047448952424638	0.22839085066434	0.0455596247175708	0.22013388766476	0.275486113614915	0.277167916041613	0.270506653790101	0.238847826342173	0.0842921883339431	0.167928590433225	0.103979935045224	0.0656790964417159	0.0732219368714001	0.0452193620815501	0.0683139993931353	14.6412316175587	0.789095772661567	0.245500488165207	1.04159554683603
0.080056547248906	0.0744814990731329	0.126400274704844	0.23713047715202	0.108171331361808	0.13893424096331	0.108522683089376	0.282990876706243	0.230950159434341	0.0903474750278944	0.0205405298672058	0.0923520989489742	0.123676863449644	0.0387450686600152	0.0494864954258502	0.0156919163423963	17.1616434364021	0.786545715960478	0.303184145694831	5.57636573241092
0.0723898640979198	0.112630856782012	0.240973143125586	0.319890457321424	0.067532078119304	0.223987910415372	0.118004312926233	0.1683723150713	0.359378509904891	0.0974485304322472	0.139708356870785	0.0661081945823506	0.109808206285704	0.0353065641913749	0.0471828183461726	0.0174386800647341	43.0072071386445	0.814257524667447	0.055540082260035	2.15625753278844
0.175023162026319	0.0577240244741365	0.161577153436094	0.0344125922746956	0.266513211737131	0.354578876138059	0.167172010699809	0.269512897925228	0.301013787689377	0.0911614690942732	0.0540116921735741	0.138437182883453	0.104735272276513	0.0857472879199218	0.0400007362820953	0.0644185804255307	17.4763791656615	0.812201644454589	0.338436972247623	4.42933773027733
0.178372598776857	0.0689754752727225	0.084822453722246	0.0741367924819701	0.295009214468642	0.109249306135718	0.137918350154758	0.145162828563526	0.201274914429449	0.0644616494139378	0.156961951404642	0.179479310202338	0.147339808658622	0.0744168891951814	0.0200782499160618	0.0203749908554368	74.5982880649054	0.771782447578013	0.228638239571266	9.51378417299129
0.181043558356701	0.061276355128549	0.248887038238309	0.232197718527634	0.234092998167056	0.35905399755002	0.157610868903697	0.258445071259961	0.113239568444397	0.0476610258288057	0.0520930363499932	0.168764237346798	0.0646233513388038	0.094938542767223	0.0251752779801562	0.0244222688423283	25.9414386983151	0.707072343583545	0.133886276499182	0.0400731062237173
0.046768979256996	0.0414997147592157	0.187901808966286	0.204052318845317	0.19979433310479	0.0845866606789175	0.188001607319415	0.262028753413111	0.346737383253146	0.0432202639007528	0.0491431541053206	0.187541367981285	0.076632660616599	0.0491268535509612	0.0492009346558899	0.0586584232984297	23.7466673341719	0.767020425229026	0.075137258252874	5.02492502052337
0.130385893855395	0.0514198498516157	0.270315832322836	0.299382927745022	0.116368448785855	0.348967284994759	0.264072752023637	0.183595373820513	0.139603469125312	0.0594815146745216	0.0607072015662305	0.082731439752467	0.127105255488083	0.0678088484480325	0.011337303618975	0.0725144715783745	58.4537704993477	0.714769291833732	0.150194976251991	8.33867077934556
0.0451918131122761	0.0504077588023245	0.0924254429347441	0.262821228359267	0.18015148818908	0.134824869097583	0.169300781494677	0.287912971477285	0.165200929648858	0.081594147594495	0.11572279660074	0.160069303018264	0.111595342344716	0.051830828224998	0.020310587685965	0.0478870639589801	2.37665019428451	0.733498207669556	0.235547923120158	4.13200244948268
0.0581521738265548	0.0812133217879012	0.29574890055567	0.312363771256153	0.221598015762148	0.322775552636897	0.213556922396719	0.215075534561798	0.268783352897912	0.0802990749505636	0.0642069219639711	0.19997707396809	0.103285003605224	0.0704162340973131	0.0465639527691901	0.0705803840353712	69.8858313375832	0.762716237469809	0.419923639763147	5.12237490034662
0.0870399805532838	0.144646140096299	0.177340333478451	0.0766866646822542	0.0295515632221168	0.113553423160501	0.145685892767012	0.17581932218723	0.323770817119367	0.082445286442187	0.169020197869092	0.0633024875477329	0.14109397937078	0.0315351872542501	0.0326423748903349	0.0340982557060383	7.87449332525022	0.798325717146331	0.141465285217995	7.66157516634092
0.0781239560132776	0.0494971096599475	0.227757375658601	0.317156573374756	0.0835796503444621	0.0742109409421217	0.106119337406754	0.28088560886316	0.276504702535123	0.0962484499624389	0.0783888352998719	0.173969404628687	0.0987391033676267	0.0399274969507754	0.0323679656270146	0.0324556070637703	21.5676544628516	0.799059711531214	0.333441354147391	3.94346132706851
0.0414358392678224	0.102622698272467	0.261213463632315	0.168816223715525	0.355710658435045	0.280274114391906	0.238936295505166	0.103158339325711	0.31711987973636	0.0199662893136408	0.182150302566364	0.157653316888176	0.173710362851769	0.0686350302845333	0.0272191069012135	0.0651006434663571	20.3362607950205	0.800702324727951	0.298560831404012	4.53694750177674
0.0601498833892262	0.0345688603793085	0.160774371423013	0.0379423465983011	0.218215710692668	0.183942480289564	0.207194690117836	0.0961928770501912	0.16193878398018	0.0545412832875151	0.10279125758715	0.0708301331434771	0.12283882089898	0.0767487911276054	0.0401372983243316	0.0522507448762469	64.5462771281693	0.770593639468113	0.467177093176823	6.80479095546529
0.101198987368697	0.139765339563377	0.223361778450645	0.0910174640542828	0.247728442698128	0.149135416174261	0.304030291860998	0.130936479015499	0.342807103435658	0.0559300987306795	0.0842492888383568	0.193456141606178	0.108889990634602	0.0875588004807569	0.0166752652693912	0.0206644892314263	10.7232840253944	0.70231552738308	0.0880293409746606	5.75078408063389
0.162382936789186	0.0453122839663178	0.131273441378064	0.0884186033828184	0.05751868172774	0.0971481883465312	0.282220087277591	0.0818761789401621	0.257306927704867	0.0204097503324304	0.0814814806523733	0.0690457258792408	0.143803111130148	0.0550765487777349	0.0111832610530779	0.0299466069668345	27.0620836531036	0.693058572204551	0.11908379001678	4.78738917077892
0.0409772251323308	0.130453497650586	0.250860711885765	0.078360388298519	0.226100093289738	0.381232681735652	0.331332654121816	0.205416247747317	0.349180849347319	0.0426535752010465	0.174031639556717	0.170501566632688	0.179008227370903	0.0890716603379417	0.0428838109121472	0.0276721329328604	71.9479286744716	0.695931393080633	0.371739552892698	8.3931569902692
0.163883165571583	0.0978253092544153	0.243742371781543	0.135881410267111	0.324237598319344	0.221775171814626	0.301593434147239	0.307444304483756	0.286444404073004	0.0572978441832734	0.162703702463694	0.0778774128461815	0.0757098640132695	0.0852161243848223	0.0336026984116063	0.0530273694467917	3.36027835203148	0.818236362168584	0.180887512522517	0.393537577204406
0.0342523909500428	0.134895358111449	0.290538383951113	0.205760695152543	0.0704173669488691	0.285144614689378	0.383163889699578	0.149151545774713	0.174839917725772	0.0909615414427746	0.0276785285170563	0.0717867696533166	0.12816851002235	0.0420228511329088	0.0158841013066098	0.0470277190537937	40.4753050415339	0.801171436175769	0.0528155460292939	3.41757888373919
0.146798609414792	0.100366687844954	0.297738275492378	0.178014258563332	0.35357701541501	0.121861962152552	0.151532708259523	0.191034038749188	0.228046518837791	0.0424370287418467	0.149356824515201	0.0767631292225048	0.105311985311843	0.0362956088896748	0.0408287983379886	0.024314413705375	12.2421690248828	0.717016563754128	0.480267159767402	8.71619909071364
0.157871465032105	0.054196951059401	0.087877902267985	0.178739894963615	0.297597978538912	0.375965116488049	0.144585210286975	0.27724446821034	0.142098109717909	0.0855563681035104	0.0891475998078846	0.181452993039601	0.0841284167791717	0.0444979750513006	0.0277115238869935	0.0440501506286301	65.4562328039585	0.698237865065494	0.146838899050094	0.572208882598206
0.175691976737357	0.0314302652215585	0.216583091631755	0.134525816731434	0.351804437233589	0.311257739620609	0.220196501108706	0.138107442631722	0.28772044151932	0.094855631312692	0.0758125403247587	0.134037849763706	0.10987985472938	0.0995131524588633	0.0410574386516959	0.0477782512724586	47.4631191626871	0.752431625133473	0.271483881095098	4.05437534404918
0.0694311358386697	0.149416177537031	0.288716288963556	0.266687767350022	0.0783348545684749	0.1737978816438	0.105106203508079	0.216026648013294	0.319286791955959	0.0978942910458889	0.117277903536409	0.0837151727242023	0.118763747731242	0.0652212372299284	0.0436626059569791	0.0314523153783381	21.5194493732136	0.806237578230556	0.0841484065000899	5.55595678354613
0.18172434048072	0.0870977818527818	0.0576931597490609	0.0468504106008448	0.284558811332582	0.196555060821865	0.151944783237875	0.156671086021215	0.358881096609458	0.0262247140267779	0.057818466162663	0.165465427060351	0.186373293901123	0.0367659709683713	0.0142076068837941	0.0190524536904506	73.8665958956014	0.760641239940831	0.0810385110829026	7.90472446895205
0.0720596580289537	0.037164569266811	0.201696688447855	0.190912290637475	0.101086424535214	0.323688978498057	0.364034216164947	0.217873181812167	0.135605060230792	0.0218488244787102	0.0657747114205361	0.182663292855434	0.0748774033139087	0.0576315602420457	0.0196153868313506	0.0241090421370417	8.53678665900882	0.817264492026772	0.0579111591413617	8.07130913234316
0.13178388496327	0.0675995038840547	0.295510989327468	0.291007478294708	0.165167587816639	0.160620858798269	0.20386547860533	0.261436587482691	0.197217247583549	0.0849705753637685	0.0596722563630901	0.132165929881707	0.127720314361267	0.0936495859450195	0.0345386072613299	0.0437147178943455	21.9783957488099	0.707789873298686	0.0802996970456094	4.26288050987758
0.0436723741608928	0.133329295682609	0.0966434641916677	0.283426846911944	0.0666820401796959	0.370048332532728	0.310238663567305	0.108251378404349	0.129286207458973	0.0167424801816472	0.0221925821175799	0.0724921022573486	0.0705909286797606	0.0954658301189821	0.0420540608008206	0.0665942563070543	23.1446990863625	0.755936750061121	0.0924411779549904	8.94813581282273
0.0524881147428625	0.0916535457692295	0.176011288582869	0.116820600730088	0.175422004600472	0.366031077207532	0.346761650742889	0.083179230459705	0.306440829570126	0.0869790654352923	0.0503331201322749	0.128784187672865	0.177212307953239	0.0374984371709265	0.0410233257495239	0.0150371616449766	56.6386778072473	0.801781433441928	0.43404829305876	2.51419209210202
0.0557793588862615	0.0388247305286676	0.25006833737161	0.201308016035147	0.0331482883005673	0.356159384569805	0.359937761518955	0.0909250224406272	0.247328218516838	0.0300596365397792	0.0558266465020366	0.17525615549989	0.0889754956262372	0.0864796443247423	0.0354018392400444	0.0659889517172612	44.0720608664639	0.732610861224234	0.451628609834658	8.25344793820754
0.154530254586055	0.0508975620041415	0.265985409039855	0.307108586411737	0.0498628911773255	0.140589467686275	0.241586826192737	0.267776665586457	0.33263546841206	0.0192581464470322	0.0255291837569885	0.192630232589021	0.0848610363264754	0.0378928110167198	0.0470702266559377	0.0500730242729746	71.6617875853386	0.738745047472846	0.30121683030827	3.16927909731865
0.115207208265064	0.0945568879213929	0.288815725520812	0.272774741760362	0.15450704003537	0.309850193403754	0.180171176542938	0.105555157316998	0.131492584682312	0.0905907369549274	0.0210745558070391	0.151481193897482	0.140619523228034	0.076918030420132	0.0288149711281806	0.0647800478634238	63.6103590544676	0.799241287111538	0.310847331972048	2.55691966839135
0.0752886977062654	0.0445212308380008	0.227057918903939	0.217577172096819	0.322390610621405	0.394355575129669	0.390204076448083	0.255398937913999	0.181006028923858	0.0255518834779673	0.0669164750778489	0.109721120892782	0.0735315132509358	0.0345870357105508	0.0347624721652269	0.0279298985677399	24.9354249538053	0.79737878035414	0.408906025625486	0.473314251750708
0.0828237197034177	0.0377640100256726	0.23036479589574	0.227144460960012	0.03926825720347	0.137400691923499	0.353965253753662	0.123630366054773	0.204425993599202	0.0294076273368797	0.130929570913818	0.140067204143386	0.142060264284704	0.042422933345791	0.0289914985560253	0.0619695584981516	66.9264399302118	0.738091025941651	0.0601488270001952	0.744787872172892
0.0737309988604858	0.0307229705128446	0.264292887977399	0.251424751501717	0.119311098460165	0.389055263815261	0.357739958384335	0.15065054374814	0.237065223700721	0.0154940949326447	0.0347366599768959	0.18833533533141	0.082753646773845	0.0711733389282785	0.02934562601652	0.0330312992695346	4.50030426846817	0.791489714435097	0.172173750631232	5.95821795094758
0.16480482633359	0.135541774124801	0.219133205400929	0.108131846968178	0.255661842825261	0.296336504533561	0.126868785914183	0.274758444092795	0.195075852651987	0.0853691582477085	0.128581539058033	0.119202373701241	0.0981029229941964	0.0354457235274464	0.0163960582683608	0.0332415018625371	66.3392152097821	0.792502001096243	0.0772827520860825	9.7370893118158
0.158856383450902	0.0442496662339568	0.280336992188208	0.257971103008091	0.214810697051502	0.340556176172243	0.367835598128438	0.318817507771328	0.295589922449011	0.0937427601708479	0.126128363909479	0.117105677959137	0.094630769697912	0.069261191653423	0.0403677633757889	0.0589124982915446	43.3783507816987	0.810064088695068	0.436340472933324	1.46371835451573
0.173076712302808	0.139241020027958	0.172207954694703	0.140035142804496	0.103248974237637	0.194551237283135	0.371141420169175	0.155731265596375	0.231416607735213	0.0614657798318435	0.190011226032879	0.0751721426717751	0.199294561767038	0.0661566849362664	0.0435016655517742	0.0161631206966937	49.8350358899599	0.787390380074	0.232800757006463	9.21036893032491
0.0655177652567066	0.0712646353597194	0.236150315966085	0.277241571693681	0.15154006934903	0.350106384957908	0.314297673637271	0.186664702870473	0.161054656136837	0.0249779844857716	0.0446158072024211	0.160361031440385	0.08400096368175	0.0445893575760536	0.0446794649008662	0.0248215570352599	12.0167853048239	0.771440590753611	0.273296719725337	0.611051226332784
0.139126285717594	0.129540660602264	0.278333264556564	0.305480788285378	0.129712475124614	0.233331187503319	0.125026033023	0.109516113813743	0.297319022874888	0.0762072416662003	0.12070363655718	0.0770461922072247	0.162302139781024	0.0441856970912125	0.0418031115709245	0.0381921212172881	35.3498144193189	0.779569955800753	0.198104171364289	9.82949836581945
0.0822093717209739	0.147436426808238	0.146880757311918	0.216489976005908	0.183081170214489	0.308471278496878	0.3931669829005	0.157593755223453	0.187953478995208	0.0514742987917213	0.0474722462414019	0.161926427073628	0.0933140022998303	0.0567079014946148	0.0348408949642256	0.0743500209216401	68.0007893476514	0.705928438972877	0.156754636042286	1.28681830434129
0.0677107251137681	0.0654630669409409	0.184647960185632	0.224307506439555	0.0889284231393225	0.278763863824261	0.35617406793654	0.121824400039613	0.173825697686635	0.0341339715325785	0.0868325295859948	0.114487592700776	0.0868207865807414	0.0600636149644014	0.0404188176669553	0.0669311250692792	70.0268874297533	0.730661467286609	0.265744222923927	1.94659309226088
0.107039873113804	0.108615146344006	0.0754901601655409	0.153423098007217	0.164911005353548	0.388129447229346	0.319771424821019	0.145587117313817	0.217410175770074	0.083019047696587	0.0725462418301404	0.0757169534033537	0.112216324258745	0.0870727769701835	0.0362121217091382	0.0640671312988736	10.0964288652781	0.814612304512085	0.185984672863083	7.77667807864957
0.115552150162975	0.0927002797472477	0.20101591019433	0.0715551057042554	0.139960093919001	0.371743878295692	0.148893295937479	0.25624861119397	0.166404753901232	0.0775606190562631	0.0968130330456048	0.191503209810629	0.108444281650875	0.0313404507802799	0.0328953123317286	0.0544497234063037	76.805351197131	0.700198552533742	0.174100235096971	7.63566720105708
0.182141324501401	0.0750821421329677	0.069632031439133	0.0357892081392929	0.135518057776251	0.168903729501367	0.272257162849009	0.154682578855082	0.292814689866453	0.0489570557177044	0.0950183269699849	0.1110609250319	0.110451353612337	0.0370898655737285	0.0304626080609858	0.0407580138119683	71.3070463079251	0.694727819274999	0.213092988648452	8.41067570339888
0.125289721453679	0.0365561931567639	0.0913619513623416	0.311376657737512	0.0812242992157675	0.374731035639485	0.285930763713718	0.12309785437867	0.211597749814708	0.0214611885218572	0.109121342695206	0.0743382432577014	0.166657411265243	0.0619350280366093	0.0459672020674869	0.0638849096018448	52.9133700364204	0.760127819080688	0.116458710511634	6.12524984237738
0.0302373838583194	0.110246034426726	0.276944524798431	0.167778700629342	0.299121893264515	0.390830749048339	0.290346348886192	0.115446300980896	0.19142275077194	0.0625615434139062	0.0456265402699076	0.178715750752445	0.124656653046329	0.0764532626016904	0.0382643697781488	0.0620841751874797	51.0779837198257	0.717527598696994	0.208474980149698	3.06718516698107
0.0879815406800248	0.0752322432473302	0.153313127027079	0.309354634908773	0.172608322020915	0.287590903991926	0.216205893809795	0.282020918532535	0.101136280610207	0.0927998435751839	0.134997078806516	0.190073319305964	0.0947317901514098	0.0350259946494363	0.0291729962765425	0.0681660184700042	69.1751320906477	0.806690742061706	0.0966255250738002	5.42713984414935
0.151006358651554	0.10456949296318	0.286732403279394	0.286601826845575	0.177625319236438	0.348142653164594	0.21085165173471	0.319100521114767	0.288735848162454	0.075811746635129	0.145941303218361	0.160842872520909	0.0877342234893702	0.0456758685854916	0.0296533862213418	0.063461355485525	40.5340942796394	0.793933903180771	0.49784714471465	0.224979720581323
0.164835291694303	0.115632800926678	0.162940480962954	0.042719853507448	0.277171010360213	0.346447313793516	0.182691957390606	0.312355492536426	0.314690696303397	0.0210413564280348	0.132142693197858	0.162543979311232	0.118908748398256	0.0508412578035612	0.0370342636352405	0.045203326074332	19.5961409455044	0.711289234963367	0.329978081293358	7.48374555270188
0.0432149972072802	0.0607850629886985	0.285981487720646	0.0453535895359702	0.149486505383999	0.382202557135886	0.365640178786516	0.11646607692793	0.110419160654545	0.0827196862751211	0.0696939691723697	0.0655409835658595	0.0823059535990469	0.0417120093818568	0.0360776878280938	0.0557963432613574	49.2409450379061	0.781925913590128	0.169666844990989	1.89691478715278
0.101511441876276	0.0923983549562842	0.252280532895997	0.199622645065095	0.257679823200376	0.082945370839769	0.311077091953158	0.132193409715667	0.11020133872658	0.0997037502338315	0.035714296129588	0.0750490906101838	0.126512597918119	0.0511343826991878	0.0240293256608397	0.018154283074066	9.26817577906232	0.802583695994793	0.397027637249883	7.57328249323182
0.118743579018386	0.106019818202443	0.264123030841164	0.228691043345816	0.299652643347626	0.368999693045812	0.25713783403635	0.158877412643135	0.137041929450408	0.064848522569517	0.133059636797868	0.169860208800659	0.0802171809431724	0.0991862537001353	0.0453616056263074	0.0564492850301228	10.2468812432326	0.730015862284284	0.18884341751812	7.85543929046951
0.09731930914019	0.0432767891225964	0.151884950811379	0.304055662276596	0.196815594651624	0.338950506865932	0.18513967862457	0.262596894507706	0.148448881238624	0.0630915865940568	0.136495037253127	0.164496477672476	0.122236767360121	0.0579815478100814	0.0298595799466595	0.0375861072355695	75.6365272675995	0.775171389911761	0.0763327791391406	6.27294797341339
0.119680992723699	0.0374227698154002	0.181197204141431	0.182912027839292	0.0333234445953257	0.387190096320212	0.251018176859319	0.15289124330081	0.268198359333612	0.0992812936297298	0.0326973340402171	0.186935458023977	0.0688009046406858	0.0485686441727448	0.0370578299263865	0.0606081680875272	63.3617066565184	0.783277208679104	0.374676294016233	1.1589107996691
0.0625738921127748	0.117543681429997	0.258370474686585	0.115925231283158	0.0454069888175409	0.247327911989484	0.379462273916602	0.119137464240417	0.11695755770212	0.065266446213642	0.0692258342972212	0.12234857219724	0.139802833611798	0.0659420586699154	0.0208863173097745	0.0541575787309371	66.5026391226109	0.791977588055097	0.206969347108575	7.47353647814132
0.0967339857377647	0.0929265284691006	0.116160904147178	0.17980776118692	0.0693211951525835	0.176102938847197	0.315610368379653	0.164924174767956	0.258648806915432	0.0694438960277554	0.0363597621866502	0.103116846381165	0.175850613349918	0.0829060671341978	0.0302579319633916	0.0304181622396223	55.4101437780652	0.756252918981463	0.33459143252424	9.44335590452887
0.0954851796428044	0.082841845956333	0.268605895397924	0.260814857142419	0.169333920871207	0.360132191455597	0.327092064762712	0.16591349543035	0.338023220348433	0.0810716534627881	0.0319694550493918	0.128925088164154	0.172029760509878	0.0474742454053927	0.0424654934533686	0.0467164400705136	73.090605308705	0.769300654407004	0.471059012531303	1.03773439898156
0.0483553818764514	0.114346423948333	0.292271228130125	0.215719963133614	0.0551243926157663	0.320446843016474	0.234388044864833	0.218399679086953	0.345285813962296	0.0194910011127091	0.0466513998312131	0.132421991021261	0.0995743639241531	0.0588291790681798	0.0406459629709646	0.0689365965157561	33.8522961567854	0.777982487816717	0.17927871866622	4.63955952226184
0.143973619401751	0.0693879161896929	0.20909971255213	0.147213508378156	0.343817246762533	0.229403851260291	0.344987253914773	0.198345110201538	0.351148047116827	0.0609798324992894	0.111819052429516	0.0970801645166241	0.0626313917129114	0.0720726757589821	0.0445505110427365	0.0567922967684269	48.410777316655	0.781438264344269	0.164329083477333	1.27340563499369
0.10394117044664	0.106534395272434	0.15469338169761	0.302127337371092	0.236382094856316	0.398254997591488	0.370191036246717	0.0934932493951172	0.163380790921245	0.0185918949727484	0.0829018211707287	0.186123527320717	0.0893594969519228	0.0435328181140032	0.043317577915974	0.0457456164156832	35.6689814661387	0.750604886015579	0.204214736897172	1.73584478103556
0.0840846747865202	0.094227401862368	0.164725001633204	0.293609418486059	0.122897559143212	0.271842410676228	0.341496308741272	0.116950071779639	0.192206649349499	0.037666613857739	0.0249156267169863	0.0786101080994122	0.11349781250976	0.0940894905535877	0.0496435918201134	0.0672556346823089	13.4127632692009	0.705224569615014	0.337590271305153	8.08597598088905
0.0833208616696438	0.0535340481861681	0.206759872282259	0.0864928082354367	0.187570240731013	0.351596728477674	0.380681886721849	0.206802481601611	0.181341766496636	0.0604607052486131	0.140968186233509	0.0620183296949789	0.112776832782775	0.0617508663283195	0.0366139799942821	0.0429406905386411	43.2230827928251	0.726839172587302	0.0912444468807429	8.60953471118584
0.125853971202604	0.129888543646373	0.148870620176233	0.110607901842427	0.228918375040298	0.203964785319334	0.31245052313894	0.236158329180554	0.145133229764588	0.0916914424803128	0.0423340204188228	0.0871462836615741	0.15323574104866	0.0943467737305351	0.0235817854397371	0.0415070060396008	54.7374760058513	0.696276071003396	0.479074536969	9.32351514567621
0.0847238545755809	0.0785963141126186	0.273742577239051	0.176901816069987	0.132423688612945	0.326003032492008	0.330597775114179	0.158198827927336	0.34073882297786	0.090024654712829	0.026788484284319	0.154681753999554	0.105402092856113	0.0317866836915445	0.047427283570841	0.069130065379981	59.6848917632457	0.753767407114794	0.34095799943544	1.39593527099118
0.165422025219398	0.0907029815012589	0.237600374423116	0.288938121059164	0.243952503591404	0.0885177956802305	0.300163602795005	0.140544544456899	0.209560899702106	0.0252708273980688	0.178956501076259	0.147097201972902	0.1460324630161	0.0496325125343353	0.012035119019337	0.0626182870099135	53.4793559941743	0.74972899587471	0.411280308456952	9.43903591002338
0.141234572253439	0.0497991893415526	0.283862404470332	0.0505573396706022	0.232167413218617	0.264126016970258	0.376760384871066	0.107046909907162	0.240236533944029	0.0993501459808922	0.0307459385113977	0.152765807825662	0.11100622942403	0.0834025845606998	0.0391344197719544	0.0492777294109203	57.0724212080939	0.732027386823716	0.404099682273529	6.96105053910986
0.144406776392211	0.0356560923274979	0.203934447046369	0.053103324517142	0.143607410113608	0.190368354929239	0.397211459809542	0.0898307155355066	0.275536675279718	0.0371411768672732	0.0562684980375506	0.106386159233395	0.0980587281395867	0.0727527961188462	0.0379728241305053	0.07177267443588	13.2696049352298	0.796091928144665	0.161698325353488	6.40397918520495
0.0399163763323915	0.0634744960312173	0.260049092423692	0.281504331509396	0.207487536926628	0.0817770322540775	0.174377188289464	0.292009361218289	0.281057445822489	0.0844663447698577	0.12374094278099	0.175682858671788	0.115892262935154	0.0591281521059387	0.0122541238987446	0.0505783807698637	8.21106168900523	0.724893085376164	0.383663771320041	3.55800930750556
0.0480313283462892	0.0835842983303592	0.233017932366133	0.174150525777321	0.272128766874051	0.202134492465667	0.14056408855617	0.303948498304039	0.219721323827039	0.0776979141345321	0.135202549894303	0.153319122228902	0.0957473411357589	0.0461354979922343	0.0117552046707645	0.053448281625174	3.16257941486873	0.757677363564502	0.401861037090234	2.32448384172283
0.0981384240354341	0.0781035669193044	0.24454151206851	0.0636191976465285	0.136601184915677	0.0918188040398061	0.181302553271949	0.138891592179611	0.153597336655017	0.0392298408303779	0.0890063714825176	0.070010434979368	0.191306104456559	0.084329963356154	0.0478129116896167	0.0693644784765132	12.9458131451514	0.756704398861211	0.457479587465897	9.0981089275144
0.0992703851643507	0.0891420147402585	0.203001723282523	0.0313390039724298	0.291912192597408	0.286234624839434	0.163611714062095	0.192414733209983	0.256218900882304	0.0120633318941049	0.127590628001317	0.134770976138338	0.129444682853445	0.0719279252655618	0.0226368921709806	0.0710185532073118	33.1197956150677	0.775508750463026	0.366913576030591	3.70416736759245
0.0323366738336161	0.0954832485805079	0.112674123393223	0.170775877302047	0.093028283783365	0.296945989150833	0.228658518108428	0.234625253849551	0.232391993754432	0.0977319999948651	0.118859667364471	0.089996505477652	0.0771852831734903	0.0809836064315494	0.012716138785705	0.0209942273469642	24.5782895717518	0.782340264876857	0.174878018671181	6.76793014666066
0.0492737366599846	0.114912004414313	0.135281682977304	0.0996867940927856	0.223418251532406	0.274522819176177	0.340678871433139	0.12452363962844	0.206131187672019	0.0718434497430762	0.148051266883779	0.153886453087218	0.156185058209244	0.0405150468461029	0.0149027589838952	0.0187034439438768	32.0934170353077	0.722500937982658	0.308726513620233	6.52368019135669
0.12264471142129	0.102062649561055	0.19707304035712	0.114488160635717	0.145216023789126	0.119528509207349	0.212961520901918	0.30278102073364	0.120231783145834	0.0346652064521301	0.175629053536765	0.190936767295226	0.148888696618509	0.0902240399360657	0.0131702044520527	0.0456388485082425	34.4733273165533	0.782897730645165	0.153420397875272	1.81206884382293
0.166621791501106	0.137101583577096	0.195966162443273	0.278465136170574	0.159257949052522	0.175590347597701	0.253055670902133	0.137578069925159	0.297608152864706	0.079918822236615	0.181121409309041	0.0701462024453655	0.190842288350109	0.0951987222925481	0.0432777509124577	0.0315797199289128	32.5993591995789	0.777244324754775	0.280048077703454	6.23772794282995
0.0326059190006275	0.0581428696409985	0.0400581345651299	0.322661223498639	0.217035278030842	0.0790689676716924	0.358394163354039	0.278441802648231	0.167635387780909	0.0896755372853545	0.176469928713124	0.0798752997735143	0.165840705048889	0.0329337897576112	0.0181481400538608	0.0591657708876394	8.70143942676485	0.691325375881586	0.320663246707199	5.22317212482914
0.105849921344393	0.111228202658482	0.142674200099297	0.140500938019622	0.284162910637608	0.0851107531013899	0.292532036490738	0.240484566208124	0.310156609284412	0.018111542360597	0.155395803671721	0.101682800678499	0.168143710942194	0.0546640929152071	0.0121858375290036	0.0283039949979633	18.27916749941	0.797867415030142	0.489563459928008	1.84064676509239
0.0550205271310848	0.105234386760704	0.0725159184710309	0.0933831318607554	0.155736891201545	0.154196902988758	0.385490990685523	0.311695130711123	0.159831251971126	0.0403615765034165	0.107127750066426	0.144805484893285	0.147432896081414	0.0696605035014916	0.0301309996915609	0.0343097979054786	68.4898554707412	0.747408689393597	0.26978722704933	7.13488232946955
0.153526712326498	0.144935166855231	0.175384518172964	0.0702340285348706	0.266352171173642	0.13141887011244	0.343303830708861	0.305384172184318	0.203770100056417	0.0494561609066307	0.093396854902599	0.156093589148838	0.152219570497889	0.0502794413066469	0.0439094408233091	0.023340900873933	19.7753423165977	0.711637852335274	0.200261474121409	6.71670866407454
0.137332117418838	0.0718279745197669	0.291835984471664	0.255396480527986	0.0859701278711781	0.384867597907223	0.235256097443998	0.247261935509816	0.327554360764753	0.0488105617358771	0.082425917272307	0.147514726960585	0.0636308116016723	0.0635139394376334	0.0457410285260156	0.0661577914450318	56.5914117931062	0.805248853876833	0.364217727492936	3.09326618529856
0.136568970807239	0.136139570190199	0.230720905719586	0.260163155928068	0.0766750575790769	0.267351286564814	0.222148009488285	0.128253890606835	0.335034411306661	0.0936064838866041	0.132893189109191	0.113934119780734	0.193855487053655	0.0609878889703285	0.0395166409494728	0.0351628604421951	31.6927155908458	0.778562130084922	0.165493721393077	6.45640188205056
0.0669898691131081	0.142405365588628	0.2547455760286	0.0384482689958066	0.285773707078567	0.32578962429706	0.120867547900975	0.183983581959158	0.116205955953989	0.0986905270629131	0.184447870734222	0.171975048002005	0.0899406304034032	0.0321974482818041	0.0145829960248247	0.0345425211378559	14.1916921972241	0.763260404226929	0.108897950476361	5.89739387343638
0.1204819756517	0.031982477869615	0.256979112338126	0.175680272518285	0.0366738158111507	0.362224096722715	0.266987560181916	0.109907665763348	0.252973216938656	0.05138483891156	0.0406800801496208	0.11871000567399	0.164758075687364	0.0738668025379349	0.0279172726006061	0.0680285648421943	76.4659993165797	0.793360643608244	0.104049327417184	9.1839768875856
0.100022299874898	0.0557753256017715	0.127641210327782	0.142415338841639	0.277790356686183	0.165354281178955	0.225279673002064	0.148037803961039	0.245817089104727	0.08887711249699	0.110518887936715	0.0858116562452912	0.182715495034345	0.0974128376443498	0.0222158321795613	0.0272416993301734	59.3075427896967	0.752153630941883	0.445906336436421	4.87389360996895
0.103217059457786	0.0330178234099969	0.0427783871063963	0.0977262016520835	0.177249853551603	0.211101342623169	0.259607682086527	0.106301923155189	0.350253284759074	0.0320575493197357	0.0909641272743978	0.124029480049163	0.169700553765912	0.0849844691210426	0.0334621576189995	0.0303493836600333	20.9056962614534	0.808895062135216	0.0503291510703974	5.32492533013225
0.127412381754508	0.113577012603991	0.199423693265989	0.306736828724947	0.30524138311312	0.191414437363669	0.38964598553896	0.284948692023382	0.225076511163544	0.0301352578869351	0.0581868312143534	0.161629154226091	0.116887190774679	0.0555292411867436	0.0350752281480655	0.0443872895493731	22.4937947073299	0.698755566154625	0.0978059409331996	8.73813743157312
0.17175394659037	0.0975005560377985	0.195210393599942	0.284667151850741	0.332957765481597	0.172193060240336	0.398057660108209	0.168000002445802	0.294846315509081	0.0260639556959165	0.167230162182879	0.133541586161908	0.161346372769401	0.0822631878537033	0.0106904912533611	0.0432549232593924	78.2434944540421	0.761582943494413	0.235113484437298	7.8137564179115
0.121147374768204	0.129098721867688	0.0534423321384937	0.138162391660735	0.0743147631925745	0.107006370083755	0.21809957670927	0.211934652133659	0.265519302800633	0.0686916739454121	0.153346851301473	0.0845370074409619	0.143292719219886	0.0300973249560874	0.0355474028979614	0.0404354946706071	24.3190321323154	0.816057869057637	0.417197073046118	8.84378616927192
0.094593653585047	0.083988792539835	0.293441787642725	0.289919527115859	0.163096794610162	0.353093522410141	0.333344131503105	0.0923200675587356	0.121030399178863	0.0868530909629765	0.0377235995269381	0.137032659220118	0.178672219861839	0.0913433460772876	0.0294086645841599	0.0578125155533105	53.2579209975097	0.770735094976155	0.124322201235732	1.49340961753391
0.175991533134589	0.080866885631606	0.238865777318701	0.0690507437655702	0.265069117642054	0.0529064486618619	0.279625333599448	0.173522515017614	0.134542305770162	0.0436920661508499	0.164307699242644	0.136519795245808	0.0939246727635525	0.0978574184880126	0.0143339853589982	0.0526588758367114	76.1200511203548	0.774473995446945	0.194152405085135	4.81782983296551
0.104819007862827	0.0964761486072466	0.269645437445156	0.275340999914426	0.166460333960593	0.200708304624446	0.199795290467739	0.222111739584655	0.345651298990063	0.0246320365095089	0.0707398430202156	0.172655703129563	0.0632712351999246	0.0458194549283572	0.0461755065892637	0.0497472540593706	46.9017853997881	0.773626849309727	0.294762915512873	4.67371538148262
0.159836103535099	0.14307299945198	0.0681026221422479	0.130869981953874	0.193262063339276	0.150024117889535	0.295022473004758	0.242377371900454	0.108788243393283	0.0483345698449582	0.119580613902286	0.0947414739721455	0.197594988716524	0.0597507376415934	0.0469274214330316	0.0267255176190846	60.4654201257126	0.758542881460497	0.224225952969305	9.62808571717702
0.090751061093118	0.0766345012785494	0.210622017473504	0.113632147657126	0.250579432998859	0.399399325841479	0.112166847671866	0.271936400930583	0.144261152558383	0.0793085096225876	0.11435541210575	0.115760175450146	0.124335195096843	0.0603958249237202	0.0318160866609216	0.042158463116046	70.6381079546129	0.694069300375935	0.268390734984819	9.3088504556939
0.0570238466038159	0.0589013353739306	0.282739280246049	0.263856403294113	0.0439486609273795	0.271059572117496	0.264682962567806	0.142065541270077	0.149771278784759	0.0720802827613858	0.0729015126009472	0.0793366973051429	0.0834223015272617	0.0757876982916519	0.0211106895928085	0.0740720127683692	67.053011653468	0.699589890750833	0.332414178882074	2.60283592472784
0.0926284738340927	0.0854246935808659	0.209345388077386	0.101695380915981	0.364997274999006	0.21399429178508	0.299064660834372	0.219260124706626	0.106035206876453	0.0805635830520366	0.192391835875977	0.195928718825057	0.101469948328268	0.030765229824027	0.023907469683513	0.0371185526965186	44.9087129404619	0.710566439069332	0.291633720330289	7.39751386366785
0.0764253480944177	0.145424812031798	0.0835060539907589	0.129510290384758	0.173607494808962	0.316236923587928	0.353052836110294	0.160734725658	0.186308930191062	0.0919163484899958	0.123614077997208	0.176636682260912	0.129188865503892	0.0588666695511527	0.0498339382105693	0.0698391245028377	8.91888794793747	0.779298671685047	0.225946932735993	0.128224807102233
0.116155665074778	0.121737294318862	0.0469143004789203	0.321264322406054	0.213658508471197	0.206402168342099	0.351016746095419	0.295239318054542	0.182773725643698	0.0586807143923571	0.178103358648662	0.0667899205119908	0.13556290213041	0.0464731751922145	0.0229613154738396	0.0627713803763129	28.5547854823023	0.712132484831624	0.381735386897717	2.1951848004479
0.0704984207578492	0.127202008582838	0.167775080177188	0.189540053827781	0.269432707654148	0.364972331591928	0.322001199858189	0.0980860874024779	0.123179710476361	0.0580128695461445	0.0400879508901946	0.167242894688509	0.138361118816063	0.0632864106268156	0.048541530460231	0.0600414398538507	32.8595496281367	0.745128473084839	0.282347605264979	0.881191169740632
0.0578946991452714	0.111045482838973	0.146028513285331	0.255603225641977	0.0818624148625145	0.127496397002833	0.0982199961215258	0.309074107609242	0.250618398246709	0.0206506976454288	0.0923661430480518	0.102313373157494	0.0777504615356587	0.0957005045449641	0.0191613300299272	0.0185083920272626	30.9031145516457	0.816716626586579	0.266717682096828	0.972260421449319
0.152032232176319	0.136759471735731	0.23399141279988	0.169829226675816	0.357344616068985	0.162472171202395	0.115319379723668	0.163041579723209	0.139096080746837	0.0305369969458573	0.0528123160643876	0.184938384583741	0.135913959794883	0.0907336781772692	0.0475753319146857	0.0532560141776316	48.1053716344405	0.813746389576178	0.328009754636465	4.58564737024717
0.156822443128056	0.0959487439316511	0.150334594586678	0.242205083399639	0.316609219083875	0.144343097841973	0.189948626111746	0.21283004924193	0.241410337850116	0.0352483681623924	0.186268296629097	0.107153819880318	0.150810748286676	0.0656885517602041	0.0280012781823054	0.0367298717849515	30.1977739986889	0.721055108127212	0.450369340970553	8.16404581524432
0.0812024889189005	0.123488007744625	0.169069948468879	0.262122819680162	0.127131235571719	0.241984347538371	0.271969114018083	0.178585815850347	0.311238486117851	0.0609140471636271	0.0412099157056585	0.197886889294125	0.075649732933864	0.048164758282993	0.0440278404276073	0.0735268665057421	72.6738891693978	0.754929410876371	0.261334170462517	2.6836280584801
0.107740469249627	0.0462027718464285	0.224844118827954	0.125454192723427	0.0423480887207305	0.182917430235818	0.247054018525481	0.102486904400811	0.152335165146124	0.0421617525317831	0.0936807575427741	0.0822314351084828	0.170340610424578	0.0645771538200509	0.0418834845717251	0.0723047509384342	25.4538218799792	0.713521316677015	0.397734784768382	9.243623154331
0.16058062730538	0.0428443320138752	0.247226691716388	0.0671223812803626	0.191800696874987	0.0545538609031122	0.27552592215687	0.172161510747746	0.186475288419463	0.0702589699665151	0.10112983083589	0.109887661641911	0.0874023593221232	0.0899933310179506	0.0429735225184262	0.0605501637831889	27.7269469592385	0.78559025864359	0.314299299200671	7.01383077104576
0.0444915619612788	0.118269467912279	0.12454284532629	0.252416117897444	0.338835783272093	0.341941358150402	0.142183619874716	0.29283997012347	0.35604302849913	0.0787022575787678	0.113825885532815	0.119774969512597	0.0740023666705936	0.0432025918792374	0.0100747534865513	0.0293778616063669	38.618929593496	0.809433304667016	0.388018877342995	9.13607958875597
0.0366014857756416	0.0877331128243357	0.191964189641811	0.218998130689841	0.23272202205964	0.329380613790546	0.288965243613124	0.130711809867769	0.107134309379458	0.071524154748728	0.0548372342367284	0.149293312467039	0.114889265887011	0.0930631898863241	0.048585226046741	0.0654982153505087	35.0158429514188	0.78509549894168	0.277561138879741	1.33372801916674
0.122981706448256	0.0393119211222231	0.212364902224131	0.15796038284041	0.131451929376588	0.233763946981169	0.244041018811464	0.120660570876524	0.227292564925179	0.0397293007337801	0.0292099822495319	0.0980459729300253	0.164675367924571	0.0846776753981691	0.0168527495632321	0.0597409413513914	72.8708104768032	0.751351313746469	0.296740439770836	6.16680240004323
0.148077303007881	0.109106541405693	0.156216498425677	0.152213130463101	0.290807938003274	0.111916084775003	0.38346289626956	0.31747551208742	0.166618649325669	0.0385140120469823	0.0972675983710401	0.132958336043078	0.183934395694248	0.0677618537082244	0.0359031298945472	0.0255751573766582	49.4406931504644	0.724470569495158	0.250760024302267	8.66443605167791
0.064751945672927	0.0982170247555152	0.245287709187791	0.0570255159011111	0.330917497202782	0.292902032141713	0.303132066874802	0.24979435926348	0.13773810959084	0.0663797136170692	0.154596441795975	0.159583045151774	0.092236366941724	0.0376120696937013	0.0186729482314363	0.0482532497129962	16.7007610606235	0.746194724621978	0.255204388650088	3.62747233775444
0.0349842213535262	0.0899854831244051	0.0618092135694995	0.0274708689611405	0.0896003803910222	0.179883649901627	0.262968474012911	0.139627974225804	0.235917679652683	0.0322344501560343	0.0498019185231626	0.178972781987581	0.0972762199170701	0.0885053895373177	0.0179759508019686	0.0677735564642027	60.4032227288913	0.751587350532217	0.425526132152462	8.77302466974594
0.04220639513687	0.0667143863251805	0.0553251220539957	0.297549228168651	0.121186631386496	0.392321261616051	0.221566637634337	0.310493532463685	0.1327381390086	0.0454785477146948	0.174996902720295	0.184125396993756	0.170055843896326	0.0616132439424004	0.0427416341831908	0.0656553386978433	49.0105161369555	0.772642783187311	0.412172683431255	6.87394722715951
0.158632809209933	0.123056778016314	0.0863248365189135	0.324699344275054	0.279424141143336	0.0984040881822817	0.323722670046389	0.28392358091563	0.202411078210082	0.0681189803870104	0.189590838498492	0.0674320697129704	0.198275623580534	0.0751610143128317	0.0114779977596551	0.0217563966891915	52.3498107024925	0.767783107807031	0.202478708734689	2.76365737191401
0.113075407544139	0.0824363951271772	0.183811569048949	0.105393627278972	0.0981579781708438	0.223599909614725	0.248131902288497	0.134682053989768	0.175669504876211	0.0749843772576435	0.0531767077880353	0.0713913327573612	0.102718660799526	0.0886423114307877	0.0357274635075405	0.0465620733013563	59.0128055526633	0.724053149624746	0.342327177008195	7.71595262032934
0.106649091031244	0.0790470374754444	0.125885248526819	0.267641432619467	0.268449304153307	0.282518952366337	0.195578093459904	0.30962792137526	0.11188755369585	0.067560822451032	0.170346840820834	0.180243065292165	0.173434539181422	0.053396694657607	0.0218548059802502	0.0616046418040059	41.3855512171946	0.764713295759512	0.34628253903999	6.67807475035079
0.0775225623454037	0.0998367602113634	0.0506500800967216	0.270102115202043	0.159536795624915	0.0956998193290085	0.29881473744154	0.228809994641691	0.254352516126428	0.0554964214284392	0.180180739865415	0.104892772416025	0.188420947349593	0.057415655972166	0.0313787417086959	0.0668371037762985	17.8608940614713	0.726379917144403	0.28661448569987	3.4999403552711
0.140551268672168	0.0629018554128706	0.113433632300459	0.280016701893136	0.304698604957502	0.380204494052986	0.266543454681039	0.206634907322228	0.335599561192244	0.0503844374699864	0.0416624509624764	0.127883126574494	0.156879117908143	0.0570724065915495	0.020201742236726	0.0261049398275837	15.6161028177906	0.738887664807029	0.192005904791551	8.81760073192418
0.147519363398957	0.131890946780406	0.0682264343124255	0.107162738647591	0.317437799898143	0.304893514533481	0.110555014682114	0.23360955136463	0.130909675412048	0.0238917940552221	0.0333154980417527	0.146594190114234	0.176042243010327	0.0431101428738236	0.0367608275892586	0.019401835781727	29.5484747944549	0.780330456512608	0.384874002134567	3.9005974976439
0.0732150634182384	0.030319528946802	0.135900223469101	0.0861612154940143	0.0968481742480975	0.254652537504584	0.339187550612986	0.111390768891051	0.243116658273302	0.0794859979478908	0.104325452710744	0.129469263982195	0.131770332165696	0.0594116915864218	0.0451042535218969	0.0589503133730963	72.1599840944111	0.707330821619369	0.477294073661044	4.95951149940491
0.130013523461365	0.0570692691524327	0.048940862942487	0.136789031310286	0.237769140284226	0.248244554675836	0.249417207041979	0.134888252288848	0.280675524088964	0.0532295902804506	0.0739406374402717	0.12323545071641	0.122130913358182	0.0824645370022953	0.0422530525827408	0.0729523591771536	26.4053748636646	0.71325530580705	0.423079173112987	7.94299724294804
0.131252092785747	0.109544353609644	0.0606153058777377	0.24642502548201	0.323408703086601	0.228143484144704	0.0809911244001985	0.278903170312718	0.158507600646652	0.0964758317195349	0.196668437276296	0.150910824580807	0.142537956658583	0.0623106259482168	0.0260455457722396	0.0474972279200144	29.0737834722754	0.69564484163112	0.138404451433709	4.38264474338852
0.0592213076022081	0.127687107754648	0.285053331999332	0.142912741768546	0.201594015319372	0.31909613688332	0.101714193395376	0.265553352934048	0.143254498572499	0.0743618435916103	0.183171256554574	0.0805321615927108	0.0698111963120662	0.0641151414295752	0.0154687200005353	0.0264948769212887	45.0553734294074	0.715098979479345	0.392490224713506	7.11591981138103
0.142033875295117	0.100640057444461	0.198287556001358	0.209645105901174	0.310339163840573	0.207952793731447	0.28812653758198	0.214204293205068	0.261940888158008	0.0275762254364897	0.0513759539474919	0.157063554430343	0.198652668153178	0.0585227273253724	0.0394219303913042	0.0228147008140013	40.096826370419	0.696925023534903	0.155261701037548	9.76880799459293
0.0711439927019295	0.125717962414138	0.189043543238193	0.219700938169938	0.275692275958757	0.189669301720103	0.219251201787889	0.237799670759738	0.354140100038946	0.0441949256804743	0.0383884842072986	0.168614829439968	0.0719651730504818	0.0386408165284339	0.0479738485362381	0.05675145404879	77.0599038040992	0.702744723278414	0.414014679558994	0.0996344844065607
0.136126790110101	0.133196219040602	0.14344066923786	0.150958001048956	0.363184645489834	0.250764695449499	0.13944718415767	0.224046010058224	0.169536904515941	0.0115411116491011	0.0443460479244776	0.193067802471686	0.148161218335405	0.0535727748880349	0.0489317209059745	0.0325743191534467	58.5536067321254	0.776111898380257	0.464816451406619	2.92678979492746
0.0662764940849971	0.0800606669771299	0.255262266196385	0.119129528507311	0.109949614081558	0.210860909684096	0.377442671100497	0.0996262199269235	0.283447411423214	0.0460929299940225	0.088126074977871	0.112400289016142	0.0607635708159581	0.080295140175717	0.0365411329310015	0.0615400409488566	51.7929759035939	0.742349623221438	0.474225296847103	6.92150196288712
0.123897110509509	0.0845937399213016	0.0850632630506158	0.235354847746715	0.354629618653147	0.147791509512486	0.29175904560566	0.196625206869617	0.341682495352272	0.031124017511698	0.151256007241327	0.117516811676566	0.153591785934828	0.0771878088272363	0.021203675397113	0.0363603107300587	46.5743868151922	0.762145122298449	0.322272750765923	5.06767871562392
0.148696745101477	0.0521895653619245	0.107853448149003	0.20638266180288	0.128243754499052	0.169995304709813	0.324773558108807	0.189533784331828	0.279109589237161	0.0725522554197921	0.0460634604665823	0.094142294748202	0.14490493507605	0.0963931563982926	0.0307868024770916	0.0500381289436296	47.2071834651306	0.704420975252585	0.116818521043658	6.35790164584294
0.149165684770537	0.0731587059876323	0.132004940346405	0.127194176967908	0.327256860449437	0.338313936302718	0.192745310253203	0.171719948376045	0.249237076829765	0.0983880292528907	0.0944018220706284	0.0990134230428003	0.17794724957224	0.073490435609892	0.0138813672482967	0.0322450579181313	78.7714044121513	0.697464377792552	0.462436691250373	0.276943029100075
0.133334735639696	0.0606723342299089	0.275946075813249	0.0625197179606184	0.22954991947671	0.158498792536929	0.337740565725267	0.120035559613854	0.317379075805638	0.0562740796904296	0.0649797671068273	0.0963682481248677	0.0809891259156913	0.0879977212435193	0.0397266971218586	0.0539099524441548	42.6515329765854	0.759371403149217	0.357719054369768	4.75111134525388
0.0757887910642847	0.126351070816331	0.121601389869601	0.184730975239817	0.348803408785005	0.126737005292624	0.102495854632854	0.316658498432934	0.183422245064452	0.0393389482432182	0.0998840895988233	0.18821142429525	0.152616086434703	0.0521539956867229	0.0447962806325033	0.0222490043347701	54.4211009243857	0.725814936556369	0.405637435557181	0.415872233295813
0.0369557752986625	0.060085980784893	0.215177720935829	0.132811883791257	0.0917366191963646	0.343486066784058	0.255725333208442	0.253831972664669	0.292256327235997	0.0952799048430897	0.12897629255373	0.0623660150433704	0.0927591363979317	0.0805941514765658	0.0151431720355898	0.0434196041302755	38.0828747967519	0.722055126940664	0.144596491471026	6.0240520340018
0.108855736198213	0.116095601618551	0.148137713910788	0.162198650823347	0.3188379524137	0.197186460748687	0.246072275239825	0.243243215810657	0.179000166056175	0.0128034980271502	0.079087980203107	0.182467008986026	0.118062255750801	0.0529126066815574	0.0337231521299481	0.0284551756204292	61.7438855504477	0.721364156766031	0.446406534107635	2.36038912580349
0.124033104352069	0.0659357565267384	0.0981919465842098	0.166352114514541	0.249034293588527	0.155538837077888	0.0841539323490858	0.273882866802141	0.289801708617993	0.015129283177997	0.0681834077821486	0.145599316138774	0.174632739231288	0.0324843255392741	0.0102068001694605	0.0271890857559443	46.313532011698	0.757264174153069	0.13093758897176	8.21860004561953
0.0527058644656162	0.0550552463158965	0.204876248772703	0.0369702734999359	0.151215823178068	0.299705989663024	0.33552707213819	0.288402490137741	0.26462394242065	0.060123361529059	0.0905387755489722	0.125918875466343	0.146675526335705	0.0782217486614361	0.037622446208708	0.053845500992015	62.2449326225361	0.708939065062627	0.087446107593691	3.01959515107796
0.110623619011648	0.128094369210787	0.0739262324561551	0.0804763636521995	0.209504749747349	0.21678531966405	0.273317068450153	0.256708950135186	0.336835542581975	0.0445156427897242	0.10003952717606	0.181752794830799	0.130581883136556	0.0724559596603364	0.0171587676871568	0.0346940841704607	1.56850008334499	0.744613653717088	0.148069106069719	3.33044109274633
0.0622709167170548	0.0950190635525063	0.193514415192418	0.0498241084678099	0.246493817316374	0.265422829410108	0.160052080102265	0.316111760224551	0.172364833581559	0.0873194678934067	0.143327160864882	0.113695001443718	0.10741721502725	0.0478915367143136	0.0128947283836454	0.0363483421315067	58.0606935385754	0.733817638928266	0.219720354576316	8.9969614760112
0.14024009895978	0.148907825443223	0.0958703597165644	0.315580633764248	0.244809316672891	0.152371952662477	0.177844938700795	0.151700125072524	0.271609542413112	0.0535714509849382	0.0300162051995099	0.177477134082522	0.0690271662106179	0.0408078466793988	0.0254058010647446	0.0514885224758461	61.5875207939604	0.703976155950641	0.417287607116345	4.23375488063321
0.102751579451161	0.118773245486319	0.0216725372968614	0.203618483490031	0.146942232559286	0.0713567981150467	0.318184561190903	0.197579354093298	0.238088343464155	0.0435604060955965	0.126840384744518	0.0854343904168531	0.157960100015104	0.0761359766955115	0.0442422289635986	0.0726725688265823	1.70030036173947	0.706413786804099	0.167928299578698	2.46018126445822
0.17025742026234	0.12433362827763	0.0812313984610513	0.223101335488539	0.188597024295893	0.259259795285948	0.206258262025416	0.0969291822493076	0.333533058505338	0.0879815593980396	0.1098079647181	0.165116853771284	0.18677854199864	0.0830686851312965	0.0343215522320941	0.0446150414758734	37.8334207268907	0.777602167373458	0.15165362747903	5.6115855785273
0.0498457386804209	0.0761178456586227	0.0227385267023742	0.133859266622458	0.212645930940472	0.301534688545065	0.280662972105741	0.117728871552348	0.315716096418463	0.0284304662324241	0.0852087585134432	0.0904530568641797	0.195533992463816	0.0708789180804323	0.0275500217215717	0.0571493345212564	15.8822088252977	0.786792520398721	0.219077205849439	6.48683461288921
0.134362540222576	0.0884258086769655	0.231755278122984	0.269313811086956	0.296593288174596	0.266228241200931	0.172711428899169	0.202958306236342	0.117727590951975	0.0754692900257498	0.0777941990138777	0.169592261998262	0.10072170027623	0.0987628854652401	0.0264586223138496	0.0393898338963836	23.0695503504211	0.742907019491671	0.0849352150048129	3.36934778154828
0.0896981685883063	0.0469016388211772	0.163729185950793	0.222571221494116	0.198764644157171	0.236475866942247	0.170173310371339	0.260291162071899	0.193802004067116	0.0410169402320344	0.116274483690672	0.198510541107301	0.154789288201127	0.0334673673053086	0.0312641916355863	0.0290593176420964	79.1276391928652	0.734333879187889	0.221140852241358	7.32826658224687
0.114133249479642	0.0685867386526242	0.053732068003118	0.18132396473987	0.32921904621167	0.376724112731917	0.156721837498546	0.211236774981767	0.154118259382974	0.0622867294640152	0.122020227607433	0.175937953133676	0.0908644950306974	0.0452655040549114	0.0267877217446268	0.0412944712285884	66.0552579327878	0.734801414783625	0.205445237929653	7.54307305620052
0.126971101766226	0.0798807237109914	0.0516552394699678	0.144031818000693	0.0376299774005665	0.238126301865838	0.252750474476218	0.12758577510491	0.155809210186303	0.0813654764015252	0.0805511602976546	0.09576777596673	0.114654270019364	0.0980884266193397	0.0308989188396931	0.0575563595469296	36.0185343391132	0.73697728658379	0.226430471484037	8.58626429453492
0.143200827689425	0.107584156671278	0.027770437845625	0.265422808987927	0.133844397254103	0.0603264863112941	0.348513517749012	0.204756303690374	0.322152310273331	0.0415581449055243	0.150010399147272	0.0641980765222572	0.187666175294816	0.0648333230100479	0.0327892474218085	0.0732349582636356	18.574970168096	0.804468129686024	0.0995323652602267	2.41816957863048
0.161378165602484	0.106923291081861	0.139778400529437	0.121587116969284	0.202788090240767	0.360969665757613	0.137019866291285	0.245343755885065	0.319696102291979	0.0131976121495025	0.171718967310153	0.120455854652748	0.159941959128715	0.0654112279884424	0.0240947508171946	0.039897510773465	54.0550086739697	0.765277171066599	0.390074458772456	7.98910000295378
0.03080692297854	0.0673039657666907	0.237187283344232	0.0990602251810953	0.259246732102416	0.226470987270959	0.313213821290433	0.187880207862034	0.157269078073241	0.0747914210317425	0.124983957617469	0.173614884830881	0.158759429597594	0.0449108061451092	0.0229139591458812	0.0221585826789401	27.3009109850246	0.740559562052293	0.408008713018289	6.3140101810731
0.117592741769252	0.067921215313822	0.152539389701784	0.232951634596381	0.047554324970142	0.261635515684728	0.37503789583087	0.114485700202957	0.214837492407411	0.0136085742963099	0.061099225539919	0.0812070817274228	0.131401193399075	0.092307683180077	0.0424866719768941	0.0572490899988636	51.5064731434165	0.743798450631052	0.24793893954237	5.48321037909947
0.0538538375712326	0.0991690077219531	0.272345897306539	0.201449805339612	0.141498133315505	0.269728614871763	0.333718363873959	0.0878947183416039	0.124937732623387	0.083491896632745	0.0568441233995371	0.0993911410072073	0.133573868040722	0.0629328341503907	0.034100188973248	0.0736577646851912	39.0225092479838	0.768752298153536	0.197557567371242	4.68922789376229
0.045634525151297	0.0933758788292482	0.0379654758058861	0.0401075466103852	0.170544111219037	0.30392351994752	0.283348864882886	0.162085891154036	0.140595401002448	0.0330905394492617	0.0261450351165049	0.1377327410076	0.139062322519869	0.0891990163802356	0.0220699469359219	0.0417311321332119	56.1982194717377	0.735748995902371	0.494198845178215	8.4587325846497
0.0887355317175644	0.134185746119879	0.168827321978174	0.0256660191101022	0.326414452410064	0.250118232411938	0.305713363075554	0.301497515545636	0.150909086871911	0.0146560816772443	0.188310178753044	0.0849904856458679	0.154438813996948	0.054010724002067	0.038682512053214	0.0328274681843072	67.5912222420238	0.731157839573342	0.237543675118638	8.53795850955881
0.14470488748946	0.0776386665039137	0.262704116715789	0.105987132680602	0.366415953624047	0.344827361982316	0.176834120395482	0.253324838974252	0.286139898185022	0.0671367472102403	0.106627680985089	0.143180738605969	0.189754611523077	0.066726589921983	0.0176794734566286	0.0645239599900134	12.5426553629255	0.787939882049104	0.252386184996739	2.67007894863375
0.156911958202284	0.0774923190530017	0.0627913616399839	0.123600764152501	0.0941956185076879	0.108577166507905	0.365259143123329	0.143037934728414	0.339545244828053	0.0270432247226266	0.0389241968336515	0.144289553275593	0.120033505248409	0.0643221365766879	0.0136409500480816	0.0472850913044438	39.8462129909545	0.690933595338752	0.242795636153035	6.09570959612727
0.0898063226984465	0.141653327349052	0.0422652472159639	0.0836196122711524	0.260241560732277	0.125042572525097	0.194899006515145	0.201966872301251	0.320790086268764	0.0375537587739957	0.0861274914563261	0.189818160307072	0.0998281160611659	0.0794898234077729	0.0118736012868583	0.0527788688181527	2.82702931615151	0.795608290022295	0.215293487297557	1.99587865932845
0.109363611290045	0.0850861129737273	0.0493263923636079	0.0961293150257319	0.17886541533176	0.281837969337311	0.15022411611706	0.160549754446447	0.30938366119504	0.0162712535290056	0.130868044289686	0.0929397384723648	0.195398014212474	0.0818056804197468	0.0398324377099425	0.0581537155363709	37.4495131925615	0.765728320262208	0.1022037425688	2.02517452558503
0.128390291807358	0.147723718409725	0.138267764723711	0.276966840001661	0.280885425995843	0.251731969808228	0.237239337433875	0.246553931076974	0.305030183498338	0.0339946117148894	0.083713736328315	0.154318205572963	0.0786986251825467	0.0383199484886788	0.0297243305855989	0.0454678923415393	55.1686489653578	0.723560614943383	0.454359212002624	2.58854777298868
0.102070173733099	0.0714450112167746	0.298031763694063	0.194383365406096	0.125942879363963	0.3369468389282	0.374221874965429	0.086875762815699	0.19578675904328	0.0649916649217081	0.0962797644085437	0.0738456176917255	0.0728732347377762	0.0674101513476111	0.0372641372336447	0.0686845856856555	46.0579014148693	0.730476449808311	0.376777826777706	4.02614506577142
0.111249296291368	0.0913117567593232	0.0948790696962923	0.111993092126865	0.34506051576634	0.2199425923198	0.164686506486237	0.191632738927454	0.224561580513734	0.0735480967474584	0.0871525665904582	0.0881262064997666	0.185946162184235	0.0842975023826957	0.0160606191157177	0.0405342678759433	70.3812210253626	0.692123793694554	0.391109617625782	4.90588978353888
0.114236287898526	0.0435220165618882	0.170836935271844	0.0621696931685321	0.087665379375455	0.302906586176716	0.269038020355701	0.231613395282254	0.22094762751691	0.0930690714806102	0.145057287761848	0.0935601179997809	0.14155081746554	0.0741721176469326	0.0226714910770953	0.0513426507788524	20.0150639482774	0.712874185818536	0.0625960978288669	4.19627210305072
0.0612461226430163	0.0562091276450828	0.116961134324223	0.233906173926219	0.115210986072171	0.0654089923890773	0.210112788086534	0.226670351618156	0.325498571891226	0.0861097258181608	0.16072701011641	0.166795555994324	0.106335895561203	0.0999261711308267	0.0315302196217328	0.0551313565234467	25.1766761789825	0.755095288873669	0.471495898030419	1.79817782218568
0.0689354717546282	0.125289005415179	0.213076746989712	0.237845920530241	0.25471743592433	0.260668992499355	0.243254045540988	0.297439629009143	0.338513279561419	0.0118751758652452	0.0917619262007996	0.155391344411578	0.0884772448180802	0.0493821414342802	0.0259954113672674	0.0488258614756912	68.6604485239051	0.780543615446174	0.355000756773213	3.46623555297032
0.0634910617978894	0.14849438318342	0.119235290098824	0.156772995208856	0.253759627779267	0.0727084718178958	0.178717894202769	0.296462694983557	0.276870753107816	0.0380896052910201	0.186762430632487	0.0908005336103961	0.149672552695144	0.0755096748870704	0.024355199290365	0.02018418914387	3.94689735698886	0.812869465239812	0.443711694283411	0.781038100868463
0.0929946469091554	0.0640261074019969	0.240173140630498	0.0308859150597826	0.10720303799602	0.208865382956667	0.352406785439849	0.133708568321615	0.274530615747347	0.0520388652840481	0.0486160520210117	0.101223680635728	0.0663503405416757	0.0780696833258215	0.03749908573322	0.0739564732660353	39.2878810998658	0.741777372648735	0.276486916250503	5.19129059816711
0.142476220667376	0.0698685021629557	0.172525383096673	0.198732501006126	0.210236358744421	0.0684134401989635	0.208954325859547	0.101748015018255	0.103692849956267	0.0479859200831312	0.157619078200776	0.194985264630187	0.130021318386402	0.0984579923903197	0.0214175138073415	0.0439443092677742	77.9900667978348	0.818958062129393	0.240864493075805	4.50938842998818
0.13798310682965	0.1171452538478	0.144791520645507	0.184063837714214	0.035694255920751	0.117509241667949	0.09676601162076	0.170165037197098	0.328409100987371	0.0696095651969359	0.0231824906636402	0.11632604459459	0.144053048947472	0.0563761376440153	0.0192940193633363	0.0356738631697744	23.8814179668613	0.808301584312348	0.429910386789357	8.48981826195493
0.110088488606785	0.0726082921588048	0.140091036597453	0.151339680546802	0.138014910998281	0.212716942546051	0.276349402118623	0.112280062132701	0.222303275229353	0.049689786770386	0.0740374804300442	0.100356411944292	0.125587338819709	0.0785033282823488	0.0305764240988716	0.0718917665863037	62.7205534430221	0.718340613821996	0.366309375392599	6.38676868651994
0.125037786429094	0.0874223357111961	0.271036145357117	0.0839464875182137	0.348520306544469	0.170634076081961	0.130886174010932	0.221450221382603	0.303603405147698	0.0293425898259346	0.138414022922199	0.114907293960471	0.161534872056171	0.0709175800684653	0.0248533400491625	0.055962420011647	41.7010289791841	0.77307423715353	0.182741903253784	0.835290351212025
0.160524456830262	0.138899974278845	0.114542237035371	0.19572806319464	0.190391462712101	0.135671810333943	0.198136986702681	0.176220662674233	0.262666529570613	0.0348577989623056	0.165101334556546	0.148784034756776	0.0712384481992014	0.0797565483821742	0.0319902720983326	0.0653820646101795	28.2451092827246	0.708319733370896	0.459794289398612	9.01765487288125
0.139291179085101	0.0650376214573905	0.18183236516498	0.0790270946905948	0.0749708693785379	0.21578160274229	0.328362770192325	0.230028166463375	0.229177068512328	0.0700951881895948	0.0717423989636451	0.14008578120878	0.116485904335864	0.0862134914514795	0.0232451778485253	0.0503115057883412	57.5346424912177	0.727685262833415	0.176615775611671	2.88586067348719
0.0863292583285691	0.0900690478273854	0.0885234919600561	0.294077010678127	0.0459596153673278	0.185976711973781	0.223661159038544	0.298908801097944	0.299683143003937	0.0840067412655395	0.199326245969404	0.12374071657503	0.14932321636904	0.0960284910955466	0.0268289743803069	0.0560740949595161	50.6112339466726	0.728964180257311	0.492373641748819	1.58616972914897
0.145854990026418	0.0889580122220144	0.180027504223771	0.187880387425609	0.313624111246464	0.241605161845032	0.214700566671193	0.24161217724137	0.290581329619493	0.04503668104666	0.103780101496726	0.138395767014734	0.190445502656046	0.0513916699772049	0.0249686978720874	0.0379229947587848	41.8017685775682	0.718026288394872	0.311014723844314	9.97993047119118
0.105291576742094	0.120073962677233	0.0602411201264709	0.212850440595113	0.196493036476774	0.0614837923833635	0.395621873399019	0.27500713856183	0.198760834577866	0.0891632600855346	0.173268641110938	0.121369214857742	0.196785533225071	0.0541565777350497	0.0127266193428263	0.0268499052726477	31.0905293216091	0.720631283303741	0.120434420747031	0.51436572086066
0.111979961310306	0.0642592752651125	0.0437853160876408	0.238689228682686	0.315345095140175	0.0920768343132921	0.161722789570093	0.238456732747108	0.247953112091497	0.0405381913465986	0.125497510273494	0.13613648687683	0.119728013308644	0.0392209236582741	0.0224399665229023	0.0611267617521062	59.9173078177739	0.710056898097116	0.289507239320595	5.76774571319111
0.146430791996154	0.13995925861001	0.0733535523269326	0.229721598165855	0.0642073453991627	0.243706300779618	0.118966673782468	0.148400349034071	0.244508346156236	0.052882924384258	0.139476873589549	0.158677291616388	0.193289055343531	0.0626581667722203	0.025206464291811	0.0493653842862323	44.489513559483	0.783733948331587	0.21563580715172	2.22844334146939
0.121898656769008	0.0490801052181423	0.189461131095514	0.163272287956811	0.059136819937476	0.178362511650892	0.131869183902442	0.129753147184551	0.157132837832253	0.0243914127582354	0.129459760905523	0.156644174781032	0.160257326748371	0.0895087341138721	0.0281663383228704	0.0520891784187779	42.1105938301217	0.817683669018047	0.142745634128107	3.78554871656932
0.0358839846344991	0.111847975713015	0.279567148573995	0.102045728001185	0.366691777184329	0.132993317822739	0.360624857551754	0.228083703297824	0.170246918220371	0.0730052792285343	0.147020465455521	0.170945769536905	0.175165195325725	0.0531750394890644	0.0246258067620918	0.0449565638960525	28.1473664615592	0.715631577187888	0.131456537721446	6.06607354666106
0.0507309501393908	0.120918546554893	0.242723432954848	0.243695004800335	0.307220718922886	0.312935819128295	0.336010792744756	0.289360513076782	0.352634599798154	0.0590658622856411	0.172117243219521	0.15054074234182	0.162695062384568	0.0745819431308378	0.0133925584960729	0.0198619868619181	7.5826089985529	0.701239567324556	0.348900069614127	7.28410674186423
0.0651364407239389	0.143439738123268	0.174557384013683	0.0558449769742787	0.204317698650643	0.330369982588477	0.254144309470654	0.280620059084222	0.294039462860804	0.0219540657531407	0.163916678698938	0.130927980428897	0.167643822989278	0.0520608831431437	0.037699161536172	0.0390208931704424	64.9661443755617	0.700618904449325	0.351579540271731	6.75973176274449
0.149674891728756	0.107768013880514	0.103505041666962	0.253101257491019	0.11169167785843	0.225307501035836	0.0961054532161355	0.25946040495947	0.200588156048376	0.0767592694375779	0.0284359440393187	0.149673240990322	0.184429118069261	0.0990448661756795	0.0388244157279655	0.0196948916109838	54.1718888129685	0.739754599283282	0.134671490984689	0.290575741427019
0.0594815466090874	0.051944115065597	0.109880512858555	0.065630828187149	0.311190489804742	0.239955449659098	0.134293065612018	0.180658840254247	0.211011638382338	0.0143795865799622	0.142315651739948	0.126499938302394	0.138723406954557	0.0916673246629443	0.0233620863271132	0.0296835043889657	29.4321405845974	0.74033899672945	0.432643527992116	8.13531467144377
0.0390286783956387	0.101186775316559	0.157650168627948	0.172848950898275	0.34147558244717	0.256691222280776	0.369024175947607	0.26357243628107	0.273511234260052	0.0540897406720006	0.0986763395948708	0.117843221492898	0.117203445336912	0.0439432004284021	0.0157471020520106	0.0409237707262114	52.5440658430783	0.701579268506868	0.441217932096822	7.19476611518301
0.0873492574907094	0.10365133530423	0.0791664833305776	0.122498225161619	0.095326873165979	0.0798088592296001	0.344097434559464	0.251778316826001	0.218833408004865	0.0358122800998258	0.0625094767545536	0.148131659644414	0.128677047739197	0.0787218646076694	0.0206300724395365	0.0427063160591572	67.9727399248332	0.699276548344642	0.325973927318072	5.80563077072613
0.112713484396008	0.0618407974186912	0.0760713988072053	0.188645640251413	0.241444607922019	0.253155733240722	0.204600930791497	0.286544711549729	0.252031478359327	0.0466468672947055	0.134001528185178	0.172102166611813	0.145135583570097	0.0468384326228686	0.01501661786668	0.0510823988260143	55.7246055149185	0.736459772855658	0.211137540668016	8.29044839292765
0.0915931912734383	0.112494470190145	0.104467143142112	0.210427257424407	0.261880258844715	0.289491257962072	0.295324327302575	0.294248795968145	0.308262734987643	0.0333107199755046	0.158813401008062	0.145858326353226	0.13329812813215	0.0686542037775461	0.0257036622978374	0.0374366863002442	63.1489841532186	0.754391817798279	0.359364237600705	7.04034732982516
0.137850831305555	0.0861379566323385	0.10914221074041	0.315335621310771	0.0995593044811096	0.102983469471289	0.143124927815497	0.208833410992548	0.214157505032644	0.0140535991320046	0.142985179737676	0.127145519665461	0.180835336125139	0.0977556730564497	0.0284881969781965	0.0389009650418535	50.7217542222748	0.713924165528584	0.248311740266206	5.44280258010142
0.096009696399176	0.14600383495219	0.111757971421331	0.119974729589932	0.351463667952312	0.193415212911321	0.0827204991108179	0.174215761444718	0.260486694518439	0.0474336391880715	0.111421311663762	0.163646515184361	0.137031739680339	0.0699702147059608	0.01240609057758	0.0715044636716321	6.41742472403683	0.761226208756575	0.28099543485539	2.8284060277231
0.0747932975772698	0.126743946534432	0.0369764396686107	0.0591024670073763	0.287416010810182	0.372999835026311	0.296842992918491	0.180912723304182	0.177749592421632	0.0567373933316553	0.0765134539072961	0.143626566831227	0.132373751598112	0.0944957067670487	0.0140798472535983	0.0339548099936731	75.4005479505891	0.733073853870938	0.304745205453271	4.97066650498658
0.133985897194387	0.147032606766075	0.0305076421058178	0.128539376107976	0.0563689309311258	0.0942000455806032	0.154947997517586	0.179607254715785	0.32989838656228	0.0523874081185843	0.0802429491993412	0.110586129830237	0.157427208918091	0.0554590238741878	0.0362686429680884	0.0359196148759872	4.80933751902915	0.763961867547175	0.369966952944826	7.43937866721302
0.116840708558166	0.131670324171111	0.101879518053047	0.0519147555108182	0.224727220289233	0.163861695988849	0.0895905472484231	0.20006562914893	0.267068679060657	0.0690900616634142	0.116626077916008	0.120540415525846	0.182186357962098	0.0414366744798422	0.019815031458661	0.0191062314995192	6.97233031500224	0.750165875589726	0.361507382175885	3.23482017942704
0.0683969869958633	0.121554300176539	0.128827835188992	0.0894180143416859	0.339972283037838	0.120043342163693	0.0879733594501019	0.265272725921124	0.27149708792761	0.0467956419410293	0.10562994483849	0.061645021427758	0.150507351830713	0.0813093763270974	0.0110644356800988	0.0517571536989883	5.97623981004395	0.748288247741312	0.360066593366628	2.97718051235192
0.132747425565622	0.122338622543961	0.0325667022398114	0.225710666387249	0.142750101123657	0.0524592733798549	0.286642441134453	0.185386358010769	0.31270058575185	0.0447131229431264	0.193482039552107	0.113099166464582	0.184917805910688	0.0671317349435762	0.0351501754723489	0.0601624731600098	34.0075978826499	0.746149180880189	0.0703156122082379	3.67466460707597
0.151471070800808	0.0760290706346557	0.0361716242687032	0.118141558861639	0.20623376425167	0.288990250672307	0.147604756955206	0.240174139703736	0.17111298462417	0.0957953704887464	0.0618093688108772	0.152122898956928	0.168865119252633	0.0969682150739152	0.0380808737857267	0.0179505500077643	41.1109952003555	0.704814502062304	0.257888074868126	1.6454000008665
0.132186153089446	0.08228325035166	0.0773608083084971	0.207792666285858	0.308441445699534	0.218532992239064	0.107536972078085	0.23264841588676	0.127103249702509	0.0788716617542536	0.103429983897526	0.142125333592016	0.120964953478221	0.0897491000527702	0.0282776124914363	0.0286912872145325	22.3560905269925	0.703368639155673	0.12748697456345	3.99504961451516
0.0849458616784005	0.10298526494287	0.0586138468560949	0.0824536365451291	0.22733541518737	0.188294935906166	0.190639674721658	0.125677168335766	0.278618405438792	0.0233449123067073	0.0636134915272333	0.108587535282951	0.183639036118686	0.0605994249119889	0.0285951544613764	0.0582066372412071	3.58394254113454	0.770045516585642	0.105924458229495	2.06364790874533
0.0794861020131572	0.137579543621577	0.0801238467915356	0.274298944821209	0.274617642842412	0.180268844158109	0.17537028419137	0.31433538345255	0.348373008039184	0.0707275768757073	0.120906442156509	0.108884462846462	0.0790674858659133	0.0666022132138535	0.0109294928272814	0.0153281971153244	16.2524050595881	0.788415304113515	0.426423637734121	7.26107827847823
0.100305409118826	0.0624634459332749	0.0816610371558741	0.0745379246012308	0.301407748984628	0.204819643570669	0.227188728841543	0.153728317583203	0.163720308190323	0.0549699317011014	0.102036388626713	0.125260132497512	0.163821586491615	0.0867303562710341	0.0105733484312147	0.0252142578156665	45.3874013379356	0.718638793215528	0.316484097519191	6.58401250079274
0.0813592183614639	0.149771973079406	0.16643995657105	0.18601838522749	0.236001177082436	0.2732173068895	0.258538289465606	0.285576695023552	0.307629611934684	0.0508143266706679	0.194371841807682	0.124638148332704	0.181842450181339	0.0473420571929589	0.0273360668867081	0.0310237035939842	34.6202823271723	0.716268544068467	0.319424228663649	5.97099632500671
0.054528037633074	0.113397867758051	0.0642670392138138	0.249501507876907	0.0725293732226398	0.0589287064446136	0.261270466213226	0.293566625083461	0.209176788951922	0.0367176409058533	0.15974285083944	0.135505097078457	0.136353502276987	0.0857119149030373	0.0270976823547855	0.0395993626874685	79.5777135038879	0.719795056082662	0.323874330447661	4.31027962907217
0.0938359723668033	0.0664688095473871	0.13322848358456	0.241228883577697	0.0613701972849993	0.111477176123392	0.202527261066437	0.20106981867969	0.244941917814668	0.0547105080036292	0.161736296466738	0.139196805894393	0.19612822140405	0.08399005026659	0.0256189377482235	0.0696985689945146	45.776688320281	0.741020484748352	0.475969698835118	3.83293491493911
0.0563566062575299	0.105602549664304	0.225025896659568	0.0411683875027113	0.271617436887098	0.294834078144375	0.284148979827762	0.24820719754152	0.199784225517008	0.0772266410594885	0.137573546138369	0.158349366256539	0.171689286894314	0.0305234320670087	0.0164994950889051	0.0248763111824915	33.3605753073404	0.719584918094361	0.231553591559827	7.22512929003686
0.128911712295194	0.0863353971310705	0.178501087426692	0.19184729854092	0.185272690541056	0.0704831555102952	0.19236608664006	0.236601274205968	0.128644286055733	0.0158595800013771	0.196066863528099	0.194286337315813	0.151682469745688	0.0968734167144261	0.0262085522569716	0.0424760298545659	43.8704440762149	0.790404524131343	0.15858155212584	3.72689941125922
0.172421930889941	0.115225574866198	0.118022829845473	0.213668678859342	0.161219298000826	0.0754984115378466	0.232863904912174	0.0886518044043332	0.322918256460112	0.0236637093413702	0.169503305110224	0.163291033807341	0.0966926595686562	0.0962379563100543	0.0310657045553252	0.0549816802014783	61.2553716922188	0.744410318865646	0.399586357896076	5.28374604922719
0.047117851174525	0.103961186090223	0.182569363083132	0.159572425440233	0.102003336517688	0.0637250063126907	0.129312345512211	0.094984438867569	0.215566800201945	0.0460380456883514	0.191966471504774	0.141427969972398	0.1348441779075	0.0700995348072052	0.0236663636744767	0.0555373603491671	62.556464537452	0.729055515274638	0.307115914926445	0.168611105149612
0.169316156571014	0.0596680884702131	0.158033933230899	0.24917144778464	0.148369688018532	0.142123643146595	0.11410323810488	0.170548100203052	0.205798659132905	0.0412404813949456	0.166354405184723	0.0894602278920822	0.155218964604251	0.0920792485629488	0.0182762952981889	0.0163507730486803	52.033732824049	0.709556352629326	0.34826829945785	2.24347762147896
0.0701810865100892	0.0987209773024544	0.0564435873458162	0.197489312711079	0.168495068779122	0.0671509493607562	0.116207082020044	0.272047340634614	0.284196570495181	0.0658199225911679	0.0750547203138098	0.0982206168623641	0.0678984612566046	0.0729934020835254	0.0218353763020784	0.0229963733565621	11.3623156582573	0.794720509662423	0.456109745473927	1.09193104804493
0.11955492849485	0.0971606333252415	0.10639708043281	0.172426574586146	0.120798849223933	0.100336417922936	0.166688266835511	0.164479503099546	0.255165067892186	0.0328514261569452	0.187500458560418	0.14096796726929	0.176840201034937	0.0836848601577804	0.0189205502961203	0.0462132429204136	69.3818858163795	0.743551177930636	0.295611925551482	4.10059833614156
0.0987450664897659	0.0814968310683221	0.0243707703489438	0.10335613519866	0.30250883355102	0.245813922240119	0.111753264310062	0.195765554737225	0.192817561590169	0.0863034072017189	0.146717755353153	0.107983857324794	0.167152840685863	0.0800431786454283	0.0195838097822666	0.0170835724234767	11.5313096680259	0.748118915152373	0.184327519173454	4.45356906910427
0.10833528868071	0.11011233214125	0.274883122972511	0.230251000506245	0.186664318065708	0.130456867757067	0.237858297558427	0.10027018717967	0.151437550528515	0.0884302150420447	0.112733429318778	0.0603271154377423	0.172652452387344	0.0560380157177243	0.0169488598246872	0.0176515771988221	2.13273488584347	0.75888423372875	0.314713677658234	3.86980446903035
0.0950317988128611	0.101991308330521	0.098738430506438	0.0659000148246996	0.282793458474105	0.0894448645113036	0.123193651130795	0.166447880164757	0.282504286368527	0.0288049647883751	0.152425133182835	0.100121420565415	0.171375960827116	0.0581873080034554	0.0153512963192165	0.0421012237974442	30.6369631693568	0.746799395060921	0.192508586385287	0.336337635396048
0.0792487598824222	0.138073362725861	0.222105748841502	0.14608943217257	0.157243998953463	0.145679301699204	0.184167437967658	0.210153484755531	0.105119632135443	0.0640947145754363	0.14841254492972	0.0634374507095292	0.179709598106444	0.042866314889146	0.0264864961960912	0.0336040452955663	21.0157721818294	0.722866874449169	0.438138415671047	5.84375573086552
0.127916698178661	0.119241620643921	0.0449384605034068	0.295852117614541	0.335306672246555	0.077587138554547	0.269663887878656	0.252075261820331	0.35506379993299	0.0583456303689969	0.194132430078369	0.087486615749523	0.189012938075867	0.0561734939696174	0.019107182068862	0.035591446962934	47.8504369460568	0.752934221667713	0.254000531529449	2.11918834995478
0.0920461662528757	0.135836900319122	0.0712879509420693	0.22177573889643	0.11282935820706	0.0578675739858765	0.162720287871957	0.220272924510539	0.30198442195043	0.0635291907676773	0.117981749292072	0.0813985618986376	0.159212612288967	0.0611599968355428	0.0207945275941864	0.0211987740186229	6.06828449509759	0.766634034370808	0.484951397708524	2.74073535085656
0.0636340750609012	0.143886494276561	0.0998279498235136	0.109563592997938	0.252624733752578	0.184425486544427	0.171723868516088	0.194903037080243	0.213063535232171	0.0765387300290219	0.17948499655474	0.142595382314622	0.192980310183577	0.0484738279132638	0.0147868957150355	0.0238436471006647	19.1764175896421	0.69024411811159	0.379346318501374	5.10604186282493
0.117881452556164	0.120390234926753	0.0345030157200247	0.155475717369188	0.219323134919393	0.0867152753810864	0.196767959737182	0.20855796724014	0.259319804347213	0.0662294022653101	0.198330044126827	0.111973854314461	0.181223720242511	0.0683479896558914	0.0186234842066839	0.0281362171963043	10.904905979922	0.737596575902402	0.112720159229264	1.22026973409578
