95	90	82	81	71	52	43	42	41	31	24	23	22	21	11	SGCn	tp	SGCp	SGCr	m
0.159144876297996	0.146031863040291	0.291941227283254	0.0529551683346741	0.353694809147056	0.0741282836115919	0.382985660181344	0.0864957715720683	0.351436346444935	0.0207277615413133	0.178572565936018	0.195368694025017	0.0652216131778434	0.0344570614451822	0.0429581175430119	0.0733047194650769	68.5032686697077	0.700477577004638	0.170812094277237	0.827705729883164
0.049276857435368	0.139186482842155	0.0807296301783621	0.0591152227376588	0.310189451941152	0.349069675179571	0.388363702382147	0.0817709265429527	0.118648850555215	0.0811049453155041	0.169874652559739	0.0715126812001877	0.193722184091844	0.0884284093247913	0.0118400618166476	0.0715664144729264	9.02489798115939	0.699835776606137	0.483547329094214	0.230773392654955
0.0554579694139748	0.148414302880503	0.0428080773647502	0.0491089549603872	0.0346885075424779	0.126948767250404	0.39652382306546	0.270680263732895	0.326342710880172	0.051354243776884	0.159384386986643	0.176150437607132	0.0649269876121916	0.0304494344125502	0.0103287431403622	0.0432772678885795	45.2333252055151	0.702333707432076	0.444380349197797	8.56980224308558
0.120909488625953	0.141607050007135	0.0746014448227361	0.319234162879456	0.16594186732346	0.373004363463959	0.384443512482345	0.275109975893125	0.354209094749317	0.0421929588313364	0.196631734899264	0.138070307763461	0.182261319680586	0.0370152632745169	0.0261917688059062	0.0183322643185593	19.6032527110595	0.703390088502131	0.0733052422187757	9.65996453917585
0.14607845038584	0.135814558729939	0.297424834623262	0.314639319507126	0.358992275602623	0.14490405117902	0.112938868653476	0.311310351145715	0.105790274747517	0.0550791359881313	0.199383449316844	0.17501261236513	0.0629050088729709	0.0834780220772605	0.0177177217232436	0.0716907579325139	11.7448441306427	0.715572405568305	0.469977100746427	9.79093266926706
0.0403955436571827	0.135401066219844	0.201655912724249	0.0887849476551637	0.0279553102129661	0.102426840692526	0.145758118796945	0.224855939174145	0.340894236499984	0.0148237597926038	0.0612748943629488	0.154504676677622	0.0735912164396234	0.0839113147027697	0.0460012418770045	0.0516866161709279	3.070748816479	0.80507077072192	0.494985216430901	0.786479017138481
0.181182968548525	0.0357939757307991	0.285153901843019	0.324132028745394	0.348070245579929	0.115702411307069	0.20614244743228	0.101302022762895	0.147356697966419	0.0330458231031223	0.173210566979647	0.19047522914635	0.178379072152395	0.0788002812311333	0.0160403828970715	0.0682120419386588	3.46408504968416	0.708570383327771	0.464503475491563	5.41172852307558
0.176203846096711	0.095822806138359	0.0287125816097856	0.317809867418651	0.0339140605599796	0.337435473566549	0.0829716281419993	0.251740468622297	0.2651831999732	0.0302805133637219	0.181701113850437	0.0851346381302923	0.0602202453472465	0.0487465369761456	0.0370287580310553	0.0154739946045354	76.908757922261	0.69155118242301	0.0734289280332625	5.81192402091809
0.0429842321413709	0.0749221214670315	0.0916244279261306	0.136309871389437	0.0433603240394667	0.154083856497146	0.12535049654454	0.0886275936002284	0.30770625064224	0.0162925663369625	0.0286491578635573	0.118956805972308	0.164140393985249	0.0628626346294116	0.0108300733423606	0.0267978223747574	58.4830975850811	0.70405526348372	0.311657872737153	7.5835611858312
0.109404054419044	0.0712934953304753	0.240450300356671	0.213684537794255	0.306642898561494	0.0708639398459811	0.111736325374544	0.271899042388946	0.136743417607751	0.0784638577926191	0.0474200138156675	0.191930578096006	0.185650358391125	0.0782086927653756	0.0437526074239612	0.0598421395325661	17.1834168362282	0.705453556197975	0.292718055491429	9.19225465603173
0.0345933272307948	0.120746047058031	0.128490433137231	0.0617249829163775	0.0946065357480757	0.0644012154481374	0.367476358385086	0.126748500340134	0.291290679080188	0.0154418416593445	0.0263669520756602	0.194944130179323	0.0742447660947591	0.0369345584661327	0.0476477616683394	0.0265180066889338	18.2881980133289	0.739950851941099	0.0778780470081139	0.983194560073316
0.0354207036812673	0.0369567900105938	0.279363582561687	0.316096502792742	0.352641151617439	0.200516007921705	0.296607756549716	0.258778835726902	0.104375470284335	0.0765598162137129	0.189271985995919	0.0686474004664272	0.191947319259979	0.0974139736006781	0.0458143424267322	0.0452808061683923	19.2591784781897	0.704840037715137	0.39331912395251	1.12483207843266
0.047550015879022	0.112876679425724	0.0780433769742772	0.134237579419091	0.290175479805987	0.0598525743043516	0.351975335630477	0.30669044493027	0.352866898627393	0.0355563591867798	0.0599666628948599	0.0726861249470152	0.176440221765246	0.090393344626138	0.0431791387234628	0.0164270586076565	23.0777266641464	0.697623335143477	0.450992633584887	2.25805795564316
0.0325974229814857	0.0527289120272174	0.290969753073975	0.219676626185421	0.145658255434668	0.177347272707569	0.324194098785818	0.298067091264576	0.144397247265093	0.0241355832769781	0.196390159275867	0.0668974025388993	0.181250200430341	0.0959815636011679	0.0454004396770522	0.0294332138360292	15.8502455681786	0.698727198367361	0.441200934358267	1.72255549050868
0.0424113788376516	0.122192096696645	0.152915363725424	0.280005967367161	0.171172678144891	0.340518375591701	0.172641069817841	0.137962053098008	0.21847799279917	0.0149120844283628	0.0961705934322626	0.133913995586168	0.118884071550239	0.0641756261860952	0.046220832718499	0.0247466819576919	16.3717739506932	0.731807268161513	0.0513558263577055	9.97749520838261
0.0332401945165265	0.118393683984987	0.284029145067967	0.0571668377957307	0.126960737923579	0.25491565655442	0.104857860198319	0.318166041457355	0.112529876250364	0.0214519571027584	0.148243353586979	0.0677968216725625	0.150681294104308	0.0931936523484811	0.0418168036113679	0.0202897390650585	61.6152783437129	0.817718662956795	0.490273920014454	2.84741545410827
0.0844738385497662	0.12902754885491	0.293080920699351	0.27028214222407	0.283054289090109	0.193652097804844	0.339095420485139	0.288038601638079	0.102265962591004	0.0439699811041094	0.177092558593005	0.0797637829075381	0.199456218255069	0.0992843810726423	0.0482379815110937	0.0207489631925896	10.6503705166178	0.693110639886716	0.144949000245985	1.29482187961228
0.170857064340031	0.127427638508342	0.0245167335205153	0.299102101657819	0.36079701473306	0.37081239339388	0.117709697021842	0.184910321646035	0.333648732510302	0.0184456769615015	0.149062213653419	0.150691809283514	0.148343376237936	0.0448242946199141	0.0345514473431185	0.0157598712345958	75.2207750619585	0.725118271490754	0.35895096870386	0.544282352291048
0.163024536817195	0.0946089340660348	0.250838493060358	0.258551126321033	0.345416609358133	0.127058186936984	0.266579946242571	0.257956748818457	0.132686907437108	0.0665115734504478	0.175348801801819	0.0658995009876788	0.182866203351784	0.0689897260009311	0.0468125964014977	0.0745072155666724	9.31305218683369	0.695127360854652	0.0960585119562224	8.27784824606962
0.041200620185039	0.101824125017859	0.162195226379745	0.185854029993154	0.149310411470398	0.339357277808338	0.18918987916708	0.170421965592504	0.305912596801817	0.0999918748320163	0.190548129480071	0.197097386374921	0.190483534960486	0.0873087673774362	0.0494377262176946	0.0606801400526985	44.8907862718441	0.711695894595245	0.147459648874542	0.500821879561991
0.0971578263303824	0.119069296986647	0.155578924260437	0.297887766556535	0.342893548159931	0.142814171686582	0.380092393991649	0.317357456811219	0.232402403039448	0.0557574433324091	0.179208735224959	0.192389513344541	0.183584258006737	0.0921697101735976	0.0485764889132604	0.0238419869636558	14.5756259094281	0.692282243174259	0.134961596506881	0.432634149473161
0.0659830030990159	0.149676409336366	0.208642980412655	0.167873393566906	0.357254468608114	0.0814766199129168	0.142915200731754	0.0809209436915815	0.342402441661898	0.0420977369105271	0.0311779396210611	0.0739035210360959	0.0960753241933882	0.0913542038435023	0.0334093998884037	0.0178700306213647	10.2548097640574	0.707195949890055	0.0534490887330379	8.04310496084392
0.135314028674846	0.134232922617942	0.19407144563701	0.245456229536235	0.105781745484716	0.234163588160183	0.284092267376781	0.312069919970632	0.349521973742452	0.0317963411583909	0.186743590317424	0.187240750786979	0.180148901568167	0.0950008907883149	0.049193602504991	0.0327223739859089	47.983412843016	0.721113055061921	0.447365554088587	9.68049358689226
0.176677809994251	0.147436957615279	0.16044415064428	0.269791182115767	0.233937397551837	0.0580067252483685	0.268671434774697	0.205156659855843	0.158025543763097	0.0581990024600127	0.177897490184568	0.112727114485502	0.186985322509613	0.0828556051302701	0.039931395814158	0.0438796662726626	62.0562104931567	0.697856237951443	0.140477073618071	7.06011457870714
0.0651423448451329	0.115532760817073	0.149161083151698	0.305303768098168	0.298757518542219	0.369920750592276	0.306487744503915	0.107524554738998	0.346360164641738	0.0188308368570298	0.16457987348536	0.132897366750725	0.198646886521298	0.0360950187846832	0.0480567796697095	0.058428918466419	79.8859593075747	0.735662473885994	0.0854613406970631	8.81742184898816
0.161130993589181	0.113609503834806	0.0795956926407292	0.293578638738394	0.174515890314342	0.321705140453437	0.163789245310426	0.26964495234184	0.297466047720984	0.022085951549651	0.185336717661377	0.179591777785271	0.186118942640387	0.0397642268852331	0.0471364914425463	0.0230912816444412	46.0678080015723	0.706262661889866	0.20236751367338	0.383281379202381
0.05837174741789	0.133543689458147	0.0388632834084332	0.0260384393952787	0.181986654025925	0.101429222410824	0.195906852965057	0.230363499622494	0.146688282626588	0.0321100187328939	0.190986286071837	0.156321010406893	0.196676115360167	0.0709337086333428	0.0247033452496678	0.025248700495474	76.235291402868	0.79513739875529	0.180764729213528	0.112287488849834
0.0310925338106137	0.105606218946688	0.0366949403735623	0.0398798662906513	0.320195199926792	0.0661832243172452	0.382030274626017	0.0962929789167643	0.359720935342908	0.039832667315574	0.107556173205487	0.0829702549720183	0.0616740501981229	0.0382432222809829	0.0242247677483037	0.0200333798341267	73.2164016126758	0.707802744384753	0.414216799870599	6.42716932131909
0.0950621890215692	0.109920107775964	0.0456991281117499	0.316661342461035	0.301956927039024	0.076218932077568	0.366670839054585	0.272286888352036	0.148027601483669	0.060357472595463	0.16777794261191	0.114408139930889	0.152704095243886	0.0679596277376358	0.0420131625310704	0.0547257421665452	69.4753097306117	0.719475093273846	0.282720724354871	7.95107541830279
0.044671188565034	0.142564093250446	0.0273903951368853	0.310108691613004	0.322434093693241	0.377584805691475	0.139452798417807	0.238800804194286	0.314802552272212	0.0503214245973301	0.024961793177668	0.0946093400704116	0.131262219748162	0.0926843749428634	0.0444112452163547	0.0426846855138056	19.7801823011246	0.702642431921372	0.113132930181548	6.51859173962846
0.0594300476713991	0.0831019380493462	0.198946873907335	0.313914681607485	0.203586176777672	0.204994587738765	0.0928850018078089	0.190224998940006	0.32781512122944	0.0801112968339983	0.193087718334123	0.157499218462817	0.108231820487548	0.0793243742380571	0.0419235719923303	0.0700288166499138	10.1009016491966	0.765890387124214	0.409331916645076	4.93270191101357
0.163754125024546	0.147995467561148	0.25880054084342	0.036269192208536	0.354406440565785	0.278754558167886	0.346143816100061	0.0840426380106062	0.282299736198336	0.0292065703103821	0.0878274057254754	0.165294779877141	0.0822549767350219	0.0558734184910357	0.0243211961419508	0.0213708366359398	22.5224720474565	0.696219191115722	0.0713445890492294	1.11989722894505
0.0338304317762167	0.13263928558141	0.263593080721609	0.187240545992926	0.150794107919976	0.115871691359952	0.192561514191031	0.297525485117361	0.231449952362087	0.0309135906674393	0.0699350915212184	0.0853442815799452	0.166612514294107	0.0843008645479009	0.0283460091088712	0.0314894199164025	25.5377333370401	0.785948386592865	0.37807166984533	2.70296570396982
0.0568182314961031	0.0644874009015039	0.0996421053728834	0.109535001412593	0.341504278139588	0.10934112942731	0.322506243749857	0.0876044948157668	0.355221356484052	0.0159253165694701	0.180235465996023	0.167006094802916	0.189328714284804	0.0723116941935849	0.0488435014493018	0.0239786165912077	12.4456798237078	0.722481748573408	0.0973099177921657	3.31348702073097
0.150839583022327	0.101439327746741	0.110098136606924	0.0837536520577036	0.0779941297125453	0.0770935822835192	0.134688691722155	0.0853507257070392	0.316846687562075	0.0273936297825529	0.158845038664527	0.0794001966118813	0.100513639217131	0.0578203314717766	0.0321881010048091	0.0477998833897524	3.55080491055176	0.716817534205914	0.300425181244826	8.30844713773578
0.119467684276178	0.142044678218812	0.112694504311755	0.158654764866643	0.191272890478465	0.106358530944912	0.370878994237483	0.143299821296036	0.357389691617787	0.0716455772314988	0.0640783958864771	0.0692825131063908	0.0661124382966198	0.0821924581516534	0.0225477053866908	0.0316823835449293	74.9002341995705	0.715403487879448	0.402716842764383	1.79933645514771
0.18007198171308	0.132110018343888	0.084620023050718	0.197605458139069	0.239757348833165	0.100005990443891	0.258181387369335	0.265122504906654	0.114091840643231	0.01701739118474	0.168506835699864	0.194379154940285	0.140200958141759	0.0561881157059874	0.0413866357218474	0.0720910755072534	8.30992398588639	0.737966159390714	0.391251205869066	9.45777105311863
0.056932420931838	0.137027452866845	0.171705940988809	0.093948834332265	0.0323772551624496	0.0782993110367097	0.24787127743274	0.195921769579351	0.119875551013798	0.0261838874953342	0.0812837836163305	0.153437710648924	0.194912215082049	0.0320972759885993	0.0490336443965882	0.0377459497848898	73.9789995732084	0.725992271144334	0.100905093089491	9.52579473496415
0.08902001320465	0.131089517436326	0.276088955185935	0.0383744491507299	0.242075765165903	0.135022641847655	0.39488196199894	0.308725024948046	0.261963319472801	0.0662841966262245	0.0302191976007819	0.136945889321603	0.0637758353338204	0.0574272438611183	0.0332074073028192	0.017602746529486	47.5196320032598	0.71355358465597	0.498979553843057	4.52828012501821
0.179340064040159	0.140897125143036	0.170710276995972	0.100405467788875	0.347126870697909	0.137849450968625	0.249025993509591	0.289409271315411	0.348309465173334	0.0896455188903591	0.0219264341544546	0.17381711801609	0.184568648646045	0.0664757483021077	0.0260395477093756	0.0150994129355997	66.0777483044034	0.771733220509188	0.403749490919616	8.45737328786403
0.101671811959213	0.0461421502001211	0.0867872882279754	0.307374165733531	0.212426459135369	0.124178834965779	0.239098282381594	0.147956736155376	0.129112661229037	0.0191440856612657	0.0228793150483072	0.17907298380781	0.0716300006759726	0.0736740233072266	0.0247734543593228	0.0450215359583683	15.8806244578045	0.718773656746093	0.176330004404718	5.26462599917315
0.17334450553094	0.144711118090153	0.269495260946229	0.321136401119363	0.109416566019268	0.0596805505011231	0.349510797095299	0.150840586527437	0.174586995925717	0.0409750914448641	0.0339240092959069	0.190936259467844	0.103070811947752	0.0495661439514812	0.0101069802873209	0.033998409500476	12.3277563111279	0.694341517386977	0.460973638060689	8.02930673792027
0.0861366429459048	0.137724096149616	0.142759375912622	0.265080217362288	0.272174656399183	0.136437407700112	0.1816083831352	0.108309239734039	0.290167063539922	0.0279438749552709	0.161178848474976	0.0624940005112253	0.149394648082983	0.0983406762156915	0.0472911656747013	0.0363413680673763	5.68575543786865	0.708774323726669	0.0832254588654731	6.21198533494025
0.0795800363545888	0.143507031473927	0.132647222415209	0.309336911843903	0.121202343615956	0.252093936758069	0.0910110506296158	0.283191192262247	0.299122267686501	0.0742490673030622	0.141868318033572	0.110824333755523	0.130445667739771	0.0511771914661862	0.0279488498516008	0.0532858567447029	69.9514809367191	0.71225768214588	0.307762175871991	6.15193208557554
0.105449990107664	0.143886398709007	0.137581518853232	0.32302271298999	0.197306511761728	0.357171453540213	0.0918545680055022	0.127290795052424	0.115147515953016	0.0960839601513255	0.0712573553702794	0.0947271752281114	0.0672199906901643	0.0332459475889616	0.0483077637995035	0.0265862777267955	37.5306316255312	0.748012755970526	0.211626107496396	1.60110923863947
0.0642942834950611	0.0675480493644252	0.0515307623678073	0.046338433560729	0.126023507049049	0.113323330607265	0.344926447651386	0.11433847247228	0.188381897034962	0.0824894921960954	0.0730614876446873	0.199025705246776	0.176849501478318	0.0569622727392893	0.0115721166622639	0.0695614785163477	31.2036625789497	0.709910726045771	0.330944025919074	8.99232211622409
0.0691408528412669	0.0996159960188717	0.0206051465126872	0.253914411898237	0.141602833310092	0.211963968104636	0.204835668819845	0.296716707850397	0.27095613436915	0.0246263246299499	0.18912608851999	0.123547222367842	0.189594355225246	0.0737257112488896	0.023995038267523	0.0348173588893935	55.6728437720677	0.793736143840356	0.0596496780287009	1.56905391982757
0.0391990968122566	0.097696970009096	0.296417670598514	0.132137761866022	0.29705369835609	0.259984602783155	0.293454785489142	0.250499405951351	0.135344140508808	0.0142112345933249	0.198548329156209	0.152393302621115	0.136652597249318	0.0731942721464485	0.0103159804918617	0.064601339140255	45.4213558862405	0.810663221584363	0.0696562648105901	5.54074284757487
0.0688032394797914	0.0515725054138899	0.0587550711818784	0.0692500122386962	0.231921176473934	0.145339318821114	0.312371580567062	0.197008614367321	0.339471622648574	0.0682936287527817	0.188420353242289	0.116542803317737	0.138980775069222	0.0481088866976555	0.0154996209559962	0.0636941127819568	17.917312588091	0.761522481740164	0.321133868833492	9.82899163316935
0.106833782702829	0.0688454279189184	0.217997085745595	0.136787210967112	0.103583838081839	0.152144684870495	0.329317382520437	0.193064170302078	0.133451082857009	0.0591115190534824	0.0586105813171715	0.099898287594188	0.11007319758039	0.082454262392642	0.0395456559889764	0.0569532963629253	65.5809722750001	0.71781234623461	0.478606411356945	2.39728001230396
0.143307771854713	0.0325871799876541	0.140202870878801	0.276404538029432	0.361476422519625	0.0671236298584845	0.246503901836872	0.136127334681079	0.255980596635211	0.0772930421889024	0.122745073515233	0.196199632773343	0.063964670907259	0.0307296491658408	0.0137846901891381	0.0704270952934027	69.8232636819566	0.709382192905014	0.106013099421235	6.87421940653585
0.166278223672246	0.124827122550197	0.27523880878251	0.290890837990213	0.244281627642519	0.354173484262545	0.392401843501031	0.30431522437185	0.268109060633872	0.031519892240064	0.158051713549104	0.197289132815972	0.18059128808558	0.0986626628049649	0.0484640655312315	0.0339177882009186	22.2694083257392	0.695340847011395	0.241306959915767	8.65247328460217
0.0639299447617703	0.0603786691328511	0.203527136025093	0.285153323729802	0.19967611505192	0.323795759777352	0.276986811041832	0.152314411744401	0.237347755542025	0.0791312122418549	0.0272550906310789	0.17994973046802	0.0929035779814608	0.0850478699700348	0.0170202983396128	0.0224342397192121	14.5964109106744	0.721204172203522	0.256889577094279	7.76629777352326
0.0770182253884524	0.139841415408477	0.088285128175132	0.229989324443694	0.157910176387385	0.27245287572993	0.129626669140756	0.212504483272731	0.329916130213179	0.0645503385145145	0.108519065650683	0.069683976337444	0.144521607584525	0.0904882036409341	0.0466781003011763	0.0524256845493056	1.98505644984916	0.767317771948753	0.161397392406873	3.12499737256207
0.0995859409047244	0.0332145713374391	0.0525745612441003	0.117994620932639	0.160346719556819	0.245594847664516	0.394808009655774	0.10588038990818	0.184424090703391	0.0937873636435501	0.174573352365606	0.182168349621128	0.0847947193068452	0.0402587305531558	0.0443053923995048	0.060552090233434	55.6416763927229	0.806550371717177	0.45491282859887	1.0428677960299
0.135595560475453	0.149222506335899	0.147379211894348	0.0315222464716062	0.229620929949949	0.363291309901373	0.311263274077475	0.159729403133094	0.335015424413588	0.0299847464077002	0.0206659611827694	0.123930493318886	0.0682445417164825	0.0649979121144582	0.042180135406442	0.0711583416289464	24.1469160245862	0.754357508664792	0.159248561275331	0.139913304792717
0.169736506496628	0.0991253062357754	0.281430108922087	0.147699772821367	0.219343137951964	0.314484723345842	0.327114575066566	0.111621879630387	0.338747034633476	0.0251245339256155	0.0399591870821454	0.14953107654307	0.11339568217488	0.0455822600405943	0.0292304364771396	0.0420902337835729	63.4323300459003	0.808336316387756	0.151033256252576	2.42468865626492
0.06127998237564	0.0691162616280466	0.0817759637273103	0.181584079456422	0.262735364050472	0.118353019381221	0.389483712899983	0.137346585035101	0.300355091028139	0.0450942866998741	0.108760660702325	0.183267488373052	0.101144787842855	0.0685383922097273	0.0434342682982609	0.0207610490749218	7.90212917802483	0.73398646022304	0.0999197995489929	2.32789699299261
0.152840019077524	0.134793819288276	0.0972290056429803	0.262931144098379	0.235070033932301	0.161041043120902	0.192733702899516	0.18264741913192	0.123813844394982	0.0123820265100735	0.144959486667067	0.188619262099434	0.0813482710862532	0.0729458778332174	0.0263637277857959	0.0561101120019145	8.02125798933674	0.720496709712008	0.368139810290886	9.74403025160544
0.157185258422822	0.117894729537517	0.215559847854227	0.064694443383161	0.274490850094482	0.179583469449496	0.37740191205442	0.156470531060398	0.336547796658669	0.0443620435539419	0.0539731968844868	0.151166291914135	0.0899459641883336	0.0635907596025709	0.0132349803789333	0.0333437015761435	49.8050867445506	0.703817842973731	0.324352824662114	0.843635278483853
0.0957153619134007	0.0710069628147036	0.0486258702865615	0.222662424421776	0.247521868512532	0.159320398156857	0.376484149381816	0.206452313283235	0.110287076282296	0.0413481619379497	0.163990793109518	0.0719145558075048	0.0776287948339991	0.0890308473184425	0.0366196358339489	0.0496200664149597	30.763409945556	0.696359813420996	0.295381940151379	7.10376601977274
0.159609116242016	0.138327208526507	0.23176574243281	0.205241852929443	0.251262214283114	0.155264712700387	0.319963266749382	0.0896434309159964	0.178185640448611	0.0390695080768897	0.181080277998578	0.0683717821446247	0.147248110750746	0.0892114074380603	0.0384797467282787	0.0466079999913834	11.7296160668777	0.818812355097188	0.431266279949993	2.79894172267988
0.104270511958508	0.131453653052822	0.289426676519811	0.19059428798724	0.332345671477308	0.230296059823642	0.142646999490261	0.279402641703784	0.127777753170002	0.0525773762156277	0.112214353595916	0.117209812207669	0.184887261321433	0.0411615972956363	0.0379014986775443	0.0337141270818561	41.5134763544034	0.763551308988808	0.0656162265252322	9.9561679495126
0.131732124995859	0.0870792198209837	0.24918635197334	0.287457891140971	0.332050753101067	0.399569822674431	0.221631219908595	0.148896455857009	0.169011227316353	0.0381436492434772	0.13676773628965	0.164334426941704	0.0782121971746348	0.0837311441727076	0.0371989349413291	0.0320916250412911	4.4507679539118	0.691020381151261	0.306461567530176	0.587965561058372
0.166853653965229	0.12795957550697	0.264511942996532	0.283078552218154	0.144084416405317	0.303341962129436	0.287450654220581	0.28089851964809	0.21520863214517	0.0134752561964016	0.14993634607194	0.181397114687469	0.181934943224341	0.0865657251407485	0.0377468315576389	0.048953859699592	29.3830200130334	0.713223722654786	0.178406722364994	9.51866559958085
0.154779767719922	0.0827377338762581	0.1173348117752	0.311222859279159	0.281742651686712	0.0896744017697871	0.253654275391698	0.119813473503366	0.150727409759574	0.0269982997786855	0.109581320594046	0.167558579193782	0.126660542195979	0.0683074300947785	0.0185588897453994	0.0659854205242731	35.0687467477135	0.716135614136001	0.237706602381077	8.36991817757487
0.0915690628575673	0.0572648231903091	0.026181919513233	0.25053913744064	0.328059558664204	0.107948360294942	0.361901135160327	0.104650185434893	0.256803839773908	0.0889596342192427	0.160796890338864	0.0600501074701175	0.195597387019247	0.0312659600378945	0.0276003977520391	0.0187202001277171	67.5994929632889	0.752667809372609	0.492773146338994	0.619378484738991
0.12774901371381	0.113074897846207	0.106344885482192	0.142703643470164	0.338499416504967	0.23113337275153	0.336764923049212	0.233201367226243	0.346731180419028	0.0158162611557537	0.0335863769010641	0.0963280961304903	0.0864762585938908	0.0438062440226972	0.0344592787867785	0.0600530726256408	24.4471955744801	0.80268145326212	0.0672529299762566	0.44414470740594
0.0857103502801922	0.0559971470369026	0.266323799824715	0.0448204360276461	0.364566642184437	0.391495553048281	0.140475707232356	0.118557050533742	0.276922717855833	0.0751857363325136	0.153856786351893	0.0874249735212326	0.098012936741896	0.0807639081691578	0.0131304516278207	0.0271188392200693	33.8189259638088	0.751053639913378	0.419541978302738	4.69235595587641
0.175699696346705	0.130434760080278	0.212973223892413	0.0631756322212517	0.188130295501888	0.149086052070884	0.295594386134744	0.24817412108399	0.33159134564463	0.0961417537521633	0.165353789298497	0.18948818628734	0.158877240126841	0.0625774084024597	0.0126918237020448	0.0612075674149767	2.80286058019567	0.723066324347034	0.481153184226295	5.62292733003385
0.132493787277546	0.119928762643039	0.191303891082183	0.20432712508766	0.132966879538625	0.120699768672604	0.315112456758916	0.100811942700893	0.117414691480193	0.0473485125336268	0.0417072579627857	0.165003411572315	0.156101956137996	0.0317314511698391	0.0447883398699388	0.0383368065138347	67.8259715918815	0.710965833589565	0.0628012242920231	9.89524801132269
0.0356307244243193	0.043738165679276	0.222965193467587	0.296670986694656	0.266601420052103	0.305380279667676	0.22980190544337	0.120668265226707	0.12198204014698	0.0544993897435742	0.192439283854049	0.0710999098738283	0.179520534767862	0.0449267627051007	0.038979542539008	0.0553129999756627	42.7492806311529	0.810086122946096	0.439802238819236	1.49990372085013
0.162696006973672	0.057405374360159	0.288407675919235	0.0738725141667761	0.330911013322908	0.18894983367091	0.365358718687594	0.210253833806217	0.249689554678109	0.0383624877799248	0.0760008594404347	0.13072582637392	0.0787131964522973	0.0353886154506076	0.0124054755206406	0.022780197992418	11.1681845649127	0.757738515030332	0.146545109256916	0.0234807549417019
0.114051872278117	0.0790758080870658	0.254729186576903	0.25568296666937	0.183913087915331	0.130538297621813	0.241722262348831	0.304933523102254	0.149649349710159	0.0709254215873572	0.157371145490222	0.0809716198521294	0.13300765546646	0.0564147169058584	0.0338331976666301	0.0200834247473069	46.2719868870927	0.744617796806442	0.349970455161063	7.45568944803439
0.0785053037662734	0.0444362874526531	0.216038860918954	0.241002604045812	0.3667056268676	0.0934282876424026	0.39979399291873	0.154799638561234	0.106661465587299	0.0403426175627339	0.15254573473867	0.0926922893003002	0.187591996700633	0.0701678092677612	0.0287268459442258	0.0678599088436179	68.9463392526824	0.726641443933658	0.0891774779166561	3.63735543712042
0.0587316065969132	0.0971543813829124	0.253025272844806	0.180057708924822	0.0509241034123795	0.373745480671711	0.359059770621657	0.305802032074556	0.358077606177479	0.0850401937479246	0.182603241208643	0.160902173532397	0.0792084752274677	0.0949285887577944	0.0423501132407784	0.0253238315959834	25.8218319845349	0.723361143289255	0.436820102093089	9.05125503526069
0.111111245010798	0.107225084565505	0.274179663162641	0.149903113687783	0.0402662419227883	0.366460673421435	0.196540909823179	0.299354398224801	0.266906563962139	0.0729573356735163	0.0780289633989893	0.193599953239802	0.139797050320115	0.0522997747356072	0.0298753793315217	0.0309718061418459	54.8882322365632	0.712646016466049	0.172532849455858	4.8890574805066
0.0622186043689214	0.088940313433595	0.106019581333064	0.0905827188397758	0.240439597152854	0.239804080931563	0.136418168287873	0.212012829072326	0.281101904864591	0.099480970178889	0.162720083422251	0.0616003592291847	0.0609606964015029	0.0981139865629841	0.0446420941600576	0.0570336042060703	6.551165846169	0.777360475948667	0.355048103529494	3.66005741522647
0.130509957363598	0.0892949046015367	0.211376448555179	0.289383929054532	0.311550604500406	0.273433328414103	0.223549385148883	0.227058729541078	0.222097419531532	0.0181215738080751	0.195378118875399	0.182664715173431	0.151308967548013	0.0911337314672023	0.0327950331190228	0.040770535497833	17.715701129932	0.732738859651387	0.193023066760413	1.533241570713
0.066820514274314	0.0799339094777405	0.260276184343696	0.0466054577963427	0.32489944930823	0.140879150791001	0.317883050119579	0.266865090940595	0.304104927825332	0.0395285535842795	0.046621486517638	0.0844922598000802	0.135375387842506	0.0728390228730068	0.029026947648041	0.0218119453308173	1.63267299117055	0.757074864890799	0.48390885887444	2.06992912574671
0.153862927189195	0.0663395210889727	0.0236604580627382	0.273773298945278	0.147496456526302	0.0730821955895051	0.379219734920263	0.200491964297518	0.135468637689855	0.0704000594307703	0.194483584400807	0.0616881447314844	0.0729283111053892	0.0764833055527508	0.034899970818013	0.0366229172278382	16.7669153676191	0.690312973212823	0.449270140585862	6.24472792266868
0.112306808176721	0.146957673518546	0.094576499171257	0.0353635690305382	0.136067623333355	0.289770832917467	0.347551953732669	0.165680784447342	0.151504263029043	0.0539814431512199	0.172315785677955	0.170648662083726	0.161979052530229	0.0475149379381817	0.0401479677670822	0.0307694417979196	67.3569951854311	0.743513439539326	0.474643617327139	1.41306534959003
0.148844220789059	0.117798335609771	0.178378639744259	0.0417332130212337	0.33388079781069	0.11108307097801	0.235716616536975	0.278211424249634	0.320904747708701	0.0264528897526857	0.0208982052256539	0.186716827590298	0.126001202112399	0.095346194819035	0.0127731377521157	0.0169274330383167	18.8217235709587	0.717347423116248	0.196461327818409	3.73419069584459
0.0383185551560018	0.115935827500932	0.0645879616945237	0.254500789429154	0.279280710185714	0.394410782670556	0.0993081656807661	0.129440305436105	0.302723305281904	0.0935957328454691	0.083577689040862	0.0651353563328087	0.157663403920457	0.0554794623715244	0.0372579272761196	0.0484653158435784	73.4182354628807	0.770715012165112	0.132536420593737	3.00907499345951
0.0487656416881084	0.140207145023569	0.256888585730083	0.207486388431489	0.0367217590819504	0.226944066348486	0.149057400263548	0.20309368837893	0.323220911198165	0.0948545408265472	0.0917493036787398	0.108471205865107	0.164756560748182	0.0885417279755417	0.0316341266018897	0.0258421958925202	44.015121141809	0.739166666749222	0.128074646502035	9.2606345489528
0.127395316108761	0.130200558063313	0.272440501992106	0.119245993646514	0.214002132662159	0.13840686765546	0.337541400648356	0.1581303214816	0.205694235884454	0.0469348843908108	0.17574991898777	0.104231081748381	0.172415236789528	0.0624300556760747	0.0469796228046715	0.0639815583390556	39.1834659883231	0.800862467216207	0.493617490757583	4.43891346090473
0.11330335275443	0.0549999722994491	0.233572471168302	0.0705963559893891	0.363202388385477	0.190501005835645	0.285718402869105	0.242718220866621	0.262504220740777	0.0455997242580632	0.0485445915030316	0.102951437820755	0.0698946782281436	0.0676193619172927	0.0142728648118675	0.0172898125507124	34.2897282446697	0.737277434244612	0.47503136121491	4.23183737060055
0.160306047016014	0.110296708614975	0.0561569156104326	0.0517370364489034	0.289423502550358	0.172641715914803	0.397872767065167	0.237923943910524	0.319517055254336	0.0865772863552037	0.194122072844096	0.192991817720849	0.166091091115661	0.0739603855035454	0.0200851841644943	0.0748737085979059	72.2574437737418	0.710343977747764	0.269043915341049	8.75003499634564
0.141251048110337	0.107610942623243	0.245336381387711	0.306487768869195	0.177419527628989	0.392083573285257	0.178281585939825	0.295447937428132	0.24629630620053	0.0371744307660131	0.143539575695768	0.141258270413931	0.178775863063429	0.0743619373790361	0.0238589182598889	0.0602897883370332	34.7881400905838	0.727935849717017	0.163337051449949	4.80845424812287
0.073874991720512	0.0745416652146354	0.172560133617185	0.281177548350394	0.11020450566428	0.209741470757453	0.12200742038548	0.102269881871566	0.239938224207722	0.0956951573963384	0.106648188467566	0.176484842547104	0.152123929577172	0.047016977515379	0.0110948189464211	0.0323131981839426	1.2526682922719	0.700226426409259	0.488150943760527	2.99335724785924
0.062905527860492	0.122827251143754	0.0309061583139747	0.106962665215041	0.121000679115279	0.350779279408231	0.107747326931357	0.268731637394503	0.217127702231202	0.0366622353366095	0.171408427437004	0.0768304161039367	0.0948926810995303	0.0908697150495183	0.0189092922668532	0.0305263220240548	48.4376919966107	0.725448399497513	0.199427121961536	9.8529183086846
0.0719298319755984	0.0620487559587881	0.197534667429849	0.162567470764555	0.0752028698243368	0.266802368142828	0.133629403615296	0.116284569759145	0.241721076059528	0.0430403903149514	0.124557566152494	0.148820815153234	0.0760540419408679	0.0966584493016917	0.0107035112790391	0.0414527791488357	64.7569949453128	0.737642722051646	0.191323723605648	7.17474064974114
0.102376518035345	0.0650873565027863	0.0334530865136907	0.0574816837966442	0.355826713539161	0.0852809619268868	0.334322794261277	0.139855891273171	0.269937071582656	0.0992056100297758	0.17108806467725	0.0971617736832611	0.194000330967456	0.0378947865590826	0.029778152368255	0.0481653962617926	72.0731716494737	0.794770157035375	0.314669776883395	3.19302844995633
0.0875397915416444	0.0911618053051829	0.159878260586187	0.228949723378103	0.193640398327927	0.35800961349085	0.259391393227279	0.112429750806466	0.312529140547607	0.0238852829784059	0.187756265516132	0.0778391357012279	0.112666584584098	0.0325255769724213	0.0475866431844607	0.0663761156889237	52.167406245443	0.732233148881355	0.236753011950571	4.05556012171321
0.149654086614072	0.145555412995443	0.0984181481107324	0.303914407975879	0.313620890855876	0.326493767443951	0.0847002150666714	0.273941143297553	0.108220923615322	0.0562825010641476	0.198873241446875	0.184290602995343	0.143587244738657	0.036320426820172	0.0285168514530361	0.0740673941581138	27.0973262008028	0.70169818744272	0.169299609870557	6.80756440849975
0.0776872581782099	0.0935868668373674	0.153536576391458	0.246313107164018	0.292764438023881	0.235049934390932	0.28628910294354	0.0823730299831182	0.327172364979759	0.02122268410022	0.152047335050311	0.159702642905749	0.0796681258530915	0.0366316777885705	0.0195222525312379	0.0159960876224376	4.04570978192147	0.795570795951849	0.130952506549517	0.341681981403381
0.0729522829806083	0.129581585540883	0.225203630826212	0.0640393908889033	0.0604887601100616	0.278192180200201	0.361533105570376	0.158854506307691	0.332265876052808	0.0120583213437527	0.147758773075324	0.130357346142847	0.120065898090471	0.0897121962807234	0.0349884077117592	0.0442376256791688	63.5945879270667	0.764031348496117	0.316536522451928	8.18475049702451
0.0811293583183293	0.116811819443218	0.229935428284444	0.050376636745315	0.167114685465944	0.191804627700802	0.289488011651039	0.2868367650529	0.219050268359669	0.0285746634865686	0.0547969459018111	0.101914286373444	0.178092380143814	0.0961491164933331	0.0496652973552793	0.0277471837244555	15.0606776490472	0.788926524396688	0.138396910590399	8.43706991100684
0.122485902050363	0.0450405749052018	0.200413396141082	0.0973803844795562	0.133796230550683	0.275108674984286	0.390637079586685	0.145118272805288	0.111014678044207	0.0216176145234674	0.0801981526289694	0.12949819390092	0.0766810301600955	0.0457285365080833	0.0253790404677019	0.0412776197222807	30.6538202481866	0.794075788112441	0.262850229320908	5.70414283317514
0.125340766162877	0.136096384912133	0.294317508798353	0.199968635275867	0.326735911665878	0.132348186979583	0.275793957161903	0.0832974226684868	0.244723541632947	0.0506127565028946	0.0724014413810521	0.0649814471265674	0.0967539855957218	0.0547999527755845	0.0233270427112654	0.0168255629947968	58.9957107813852	0.742135018328177	0.0915722270112485	5.64151780813932
0.0663205747496663	0.120663599211462	0.138286718335971	0.104362160355598	0.108084586385262	0.269166477594432	0.0823704467555881	0.125294439352006	0.322284329219759	0.0747440210314069	0.15406063599823	0.198318368835617	0.130895306546055	0.0812658046823274	0.0359259244340658	0.0578381127777882	31.5347823998611	0.756205998560246	0.395387551946938	1.92119902781211
0.171447707827876	0.0398309927390143	0.185629045742229	0.0865403861658648	0.0759412782681575	0.0568468067730311	0.280010156915784	0.117902322043851	0.111736620342117	0.0972864247172678	0.050945507814642	0.18515541885715	0.116852613044363	0.049936027716808	0.0442309095776826	0.0543577260188386	35.6480076881452	0.699246761018848	0.356377912333608	7.54977082968689
0.118064763983234	0.10888818584159	0.224448641806096	0.133840899005998	0.278598513398993	0.146840480246721	0.342231875172555	0.106508618649542	0.345422184057049	0.0323277025660557	0.0826157412135229	0.0895180528136902	0.0718543096129969	0.0595621575540956	0.0182900630401447	0.0256259349085763	53.7109847187381	0.734635673920754	0.303863185760844	2.72907845710404
0.13400021372787	0.10956182154268	0.177749050048627	0.282393960957788	0.264369728416031	0.312187594329147	0.0942410525563359	0.208901482505351	0.19577311442608	0.0227600359192485	0.182929671553671	0.177496668357402	0.183983264286295	0.0721813263626955	0.0338928221482784	0.03184720604131	43.5471757488679	0.721762873837575	0.142666723575769	3.83461008157581
0.165183708355636	0.100852747664787	0.0346305301564932	0.248371115985513	0.086751238191558	0.157740197062818	0.326715508431196	0.103359322958961	0.131025167742278	0.0516116548177423	0.13195446882233	0.0992977521568723	0.0688077009117603	0.0964348614298087	0.0347046654915065	0.0210715752306953	2.46500725832116	0.705812676129686	0.45281697489908	8.0934823250398
0.174332955718981	0.123209537984803	0.144789276357293	0.312166879272182	0.249595482165836	0.297300494488468	0.167420048228204	0.256682433889732	0.143099837557245	0.0168837079317217	0.183699683333468	0.185863009487167	0.164304127528314	0.0478462015168928	0.0210981882653758	0.0513932215558737	40.7955515791336	0.729650953899622	0.288408598857094	6.56770110772923
0.050120120124321	0.0500604497490451	0.0498555007434264	0.321903847312089	0.253534958446883	0.393661590525974	0.0983182918667793	0.181681788877472	0.108328549697343	0.0873584819632033	0.0496955312892422	0.122858067050818	0.197356530421004	0.0861337933879904	0.0388338662640005	0.0500279086536169	29.4637802409055	0.701364146623975	0.120917000010237	5.03711795055307
0.147967976852853	0.0973709659603983	0.16454737663988	0.211244968582038	0.319749317890769	0.195451423332142	0.36860539924264	0.134837086230293	0.350050365521554	0.0131126026505794	0.0443341849842295	0.0967879393535107	0.109708643978611	0.0699668078172114	0.0272312109896168	0.0429833299701847	60.9306469052937	0.751861610415922	0.103496811335487	2.93809356738813
0.119879577805116	0.0700416967718303	0.0328542533740774	0.294684049191326	0.0630426305663232	0.29584417037894	0.103986794258952	0.249457096088454	0.268926189909615	0.0351264274586783	0.110628883395214	0.132252462381832	0.0932144770656712	0.0880404840571154	0.0180791883459315	0.0433862971628644	77.566425707709	0.775196158495676	0.150750698155584	6.89476613794453
0.143738665035134	0.10452286439795	0.125568729860708	0.216954495902173	0.0830727410473647	0.207933910080604	0.173486426619589	0.17461580705598	0.224786090936996	0.0518855255782225	0.0982003101702407	0.103151036924794	0.177246082509793	0.0777535838954616	0.0430731728875265	0.0388524444483966	24.7941726358393	0.812585000999141	0.0896854468320962	4.7299037036486
0.045418994506991	0.0734271022224426	0.0723572877474502	0.240625240068045	0.0568621940145809	0.382747183067817	0.160927377081215	0.294923241187185	0.27466016093554	0.0233324897435364	0.0874235564729385	0.0608754539548419	0.192515912519284	0.0339236296203081	0.0387834375011548	0.051143826675117	37.0606986712627	0.799444326248774	0.210060555907059	6.93527885882184
0.181937745900657	0.0775426150487736	0.123125280638039	0.0772239785054699	0.0318287557037817	0.328232332325727	0.272279217381477	0.254935269438326	0.125095938230921	0.0357848095243613	0.0646590879526921	0.18932305029776	0.129136646841429	0.0310073163481243	0.0302491693805531	0.0475998354366794	23.3619224624056	0.815178761711232	0.0862256828686223	4.17118066933937
0.177062765205782	0.121603695678301	0.206513452006355	0.154657812613621	0.221652978467436	0.0871944277263712	0.198690329401493	0.133147866192013	0.198053732480574	0.0200668668512057	0.0796137900981866	0.136602333715465	0.159954466357958	0.0542584235255048	0.040347967020534	0.0312354731130973	38.7986607195577	0.714008235965529	0.0589394012947101	9.62731654302217
0.0533371593596344	0.0659360587999597	0.0632732293537632	0.252696777118277	0.317657110285818	0.389707171454839	0.136109332946539	0.184368018862754	0.152802186440025	0.0915451742997161	0.0689834779501706	0.106150526101235	0.123580192755535	0.0618384652263764	0.0426619279053435	0.0704882201300561	45.6964338123594	0.727321357363742	0.134145063771913	5.73754483922385
0.137883628685619	0.0439980748676509	0.22678725435026	0.142024431015085	0.0928435878022183	0.0924411384689622	0.264687050456703	0.089344360748902	0.131515141511168	0.025816942260907	0.12591830326518	0.180776051844805	0.145227089715693	0.0489830119889881	0.0221443755476549	0.0544481968603469	20.0056641963255	0.740629095035531	0.467555673717009	4.30945654551499
0.0436114421806857	0.0323761379709095	0.114377467287146	0.124623227731977	0.0419992877164911	0.240708562887367	0.321614883442521	0.217698909976631	0.242659947861023	0.0223484109193775	0.0371212261780351	0.107399311269522	0.090598511602208	0.0844161203558836	0.0415735114145279	0.0575047150676139	66.7173313137153	0.749829916925551	0.284811921279645	2.29501162003726
0.125984353790395	0.11425329448577	0.211943464067206	0.198700286918413	0.137557368653717	0.361200492669735	0.102887059798837	0.315654214316308	0.101070548136141	0.0204099256722908	0.156298036215771	0.182009389114361	0.174528573529422	0.0531869222822599	0.0173524064109474	0.0614548308646493	20.4711039836742	0.744543799029738	0.254039601804689	6.77739891859703
0.0508710844883928	0.0940764655937254	0.188655922757499	0.176139780408889	0.0698749377081264	0.298773525489122	0.222981514268517	0.28392461823605	0.238780019515045	0.0237028851921945	0.0573771919892356	0.127054628501162	0.138401238130443	0.055539727740474	0.0363145067412406	0.0234770456253178	71.2210388513431	0.818227056965297	0.246455617442308	7.4093096459005
0.13871323904454	0.0787149372689053	0.186855132325739	0.0745309158471413	0.218387377214167	0.0836625040499493	0.155660046625137	0.0930602198996395	0.283379357903544	0.0363080774714258	0.0860893541299924	0.112126635092031	0.167089111754037	0.0604140880618058	0.0214832794249803	0.0492037864520028	31.7218275322085	0.693418480993044	0.186153842044994	9.21654532558285
0.129181679884244	0.0851377857634798	0.183539374690093	0.219346384337731	0.174918662525426	0.133661997873615	0.157222648551166	0.146500262522474	0.161133277301677	0.0521912479941357	0.0493856596247666	0.109835508325752	0.167756859309152	0.0583062505053077	0.0397147837201133	0.0506120336834528	28.565913122315	0.731024726609895	0.0617087275305297	9.34846510642208
0.0801200629716041	0.0315587238365784	0.0410329942091927	0.264782805949636	0.161128783929819	0.225797287741816	0.175304872419536	0.169765848355368	0.306261052908208	0.0113376626232496	0.133304799570721	0.124660063604377	0.0957805547853932	0.0607582280785497	0.0354366041892394	0.0262153607674129	10.9248169238102	0.755861785964752	0.112978672679886	5.57621071829461
0.0505583548857621	0.0608536071200296	0.258217181198187	0.302569771661051	0.0517965554292183	0.215452150762314	0.210266536795795	0.130019787090346	0.260166744592283	0.0971118190560288	0.0389221576813981	0.0752256532775052	0.0857338663742319	0.0916181128169037	0.027889007968083	0.0374123123305477	59.7825922257416	0.779798288740311	0.405367138792295	8.35957195858471
0.109084486813473	0.0348280688829347	0.0688388228511065	0.140038220245671	0.315997029986005	0.320043915174715	0.255861378908753	0.0985762696079165	0.243807457002569	0.0268804935003973	0.162149513927195	0.0637225536764786	0.138256602092832	0.0407500587470829	0.0497201187394932	0.0594646662970819	62.520129686418	0.738367397675002	0.309987202291144	2.66300142487511
0.140392884756117	0.138947133158259	0.154687574234083	0.0289776950101368	0.269639421872338	0.104793666882906	0.281216166974008	0.280266688947007	0.294586806451175	0.0891976193283503	0.155733046516776	0.199802913613841	0.162555605596006	0.0760834924060758	0.0153462302833796	0.0563604721314646	56.0748170478577	0.743751618181672	0.266256749535678	7.85742276833393
0.0713890755561274	0.146521296343356	0.209950377807394	0.285436042449344	0.210013818636807	0.384944293815363	0.273719567873478	0.314590292882174	0.273665320255533	0.0534305495471149	0.0953550396108814	0.121718480971698	0.153025335317291	0.0433687167975586	0.0119263378922269	0.0745808507874794	39.6357811197163	0.76331954205364	0.333943273707945	8.1278912854474
0.129910016875775	0.126487354453839	0.235674048557542	0.0343218310009688	0.199148045956764	0.0540143973062746	0.391068448801637	0.134352850122154	0.195282520595994	0.0345643507060431	0.0251647762559168	0.115544499338586	0.146658134111688	0.0315022860046569	0.0198911517104879	0.0349575221204013	30.3010410045506	0.782055135336099	0.110543448148528	6.6126948177442
0.0932535072860797	0.128598096431606	0.0792630874840543	0.295914732322749	0.336729081774654	0.28932928027059	0.214301060571075	0.246524000358209	0.168374331132583	0.0854916019001544	0.129061253317501	0.0639438341641612	0.100126389176846	0.0376852210283186	0.0455644292784482	0.0425265760839544	49.2533874308346	0.753431058658557	0.124463784380723	0.957983846850693
0.158538755220245	0.114712025235817	0.151790755144581	0.0428803665874526	0.257177174742895	0.0510409110672306	0.263938649457395	0.234311379588768	0.318965286143813	0.0713044920670651	0.0531594430367462	0.158840322443936	0.169375212413464	0.0797830261960812	0.0116224673481658	0.0331284461870044	74.4599184050579	0.776482348643131	0.157925258022081	6.10288964439183
0.110486568455272	0.106699898732454	0.282105379524678	0.146784214554261	0.0790039254028043	0.387735335531784	0.203472096806467	0.284615807090774	0.324817652130108	0.0706457207726575	0.115253850494158	0.117839809735436	0.158380676530693	0.0805862185948249	0.0147856149480119	0.0668287567434087	6.72464542688057	0.693701286824979	0.28592557233572	7.67035672738217
0.141938655352066	0.0413759337319806	0.241976922115311	0.226715115419496	0.344528076196593	0.119407138874941	0.386222462712526	0.267590356442779	0.119583242124878	0.0877181876380899	0.176642430365309	0.0701145164392516	0.193083415760472	0.0586250983173586	0.035723669811748	0.0713674616346694	72.7807343580583	0.783798145762924	0.10411515910849	3.40814881102182
0.0754955997833144	0.124536393357441	0.24071616550535	0.206730459341966	0.154223118277181	0.150704633129854	0.190239217964709	0.175993654506132	0.241107501011398	0.0650023907327776	0.119818843556773	0.078922058607731	0.165805883799773	0.0941681590448692	0.0273760085972026	0.0275148809965141	28.1295652929107	0.762710206575273	0.0554685542763677	6.16471554170363
0.0518963914419804	0.11124695532281	0.0554246331052482	0.277758462780435	0.176614255730262	0.329646683409624	0.120217014269233	0.162644146586657	0.219993537813947	0.0738634239262772	0.0972091711929813	0.0757983004044183	0.0920019045954198	0.0301256144040637	0.0449235053059831	0.041679652353432	60.5681965848161	0.803611889780825	0.108358333450882	2.09041686466895
0.0313622932892293	0.108273946120553	0.101450178645886	0.238275427010283	0.340045979172812	0.184897615205077	0.330220417929888	0.16088160566844	0.225949927716404	0.0698479568973005	0.0935935232310183	0.131473627293911	0.0889235216067545	0.041609516988704	0.0160832651936635	0.0592445120128244	13.8705631066943	0.80715936721635	0.380072741164267	5.97119523894042
0.155360167399766	0.0665533713821322	0.060376272528246	0.266698386906181	0.20633769217525	0.0955735012604855	0.228683632692099	0.113212662855536	0.14097772926623	0.0686929279279461	0.105833690032903	0.161707392639182	0.0882931429914571	0.0441482613804378	0.0290714805521816	0.0658315053859726	43.3401044781674	0.707105939908437	0.223805238581263	7.14635298985988
0.102797427911847	0.0810766344261915	0.18929501448527	0.0284228077194653	0.0844337459476273	0.270877788138157	0.28302011443615	0.110507745581865	0.343548636625949	0.0862756579625604	0.145977457938772	0.100681961029898	0.0665506735249795	0.0900920566713065	0.0374160296818987	0.0216482494337484	70.5648841918046	0.741336662729233	0.477914237718284	1.67880466189235
0.128707879337568	0.0771126995865628	0.228068451112211	0.0606780395799316	0.304913642312077	0.262825772265578	0.304703893096149	0.215034598254189	0.120992373239044	0.0414876455864903	0.12758055135427	0.0818973103477061	0.132741841989942	0.0592075966599956	0.0463275712744892	0.0519001031461358	35.8169972835919	0.790269415435679	0.496424574829824	5.334057197785
0.0882864344449109	0.0338549450103566	0.136127902886383	0.274846591589786	0.287732853966395	0.250041074224515	0.234237318382561	0.252354088138938	0.272121391210482	0.0976950800493391	0.130311916356478	0.0876530077637359	0.154732669925727	0.0847387870715745	0.0268113553804159	0.0574484115616791	23.6127450329615	0.785231735215504	0.323216675236402	2.51142699556425
0.180050106992959	0.0356501174429432	0.165945206436515	0.154263174076285	0.0824379297895506	0.174731855234224	0.362901275987327	0.179075948261023	0.167398376508709	0.0833843064256478	0.121298069834486	0.143701195812002	0.125345364259239	0.0422691605814267	0.0340329573918507	0.0502014213909768	39.3854509992907	0.719714711259548	0.240111372500658	4.99064925958402
0.156163422002676	0.072648038469404	0.219274032542221	0.101133789001871	0.15331182066847	0.334973280861322	0.12287667278558	0.312526133393869	0.200595748004243	0.0985605224240486	0.113814753324874	0.125422307358868	0.107768379956204	0.0938297033896763	0.0301595757078007	0.0671369847617671	78.240137731689	0.734825340253338	0.229426437541982	4.61301261307672
0.0701159551327815	0.140515041020662	0.244207118554972	0.16302060134029	0.184807068968107	0.188360434235353	0.22040608052969	0.217115124783292	0.137858829839416	0.0341805813219545	0.118002177338246	0.110341579562034	0.189960230181925	0.0856975899647549	0.0306314854925871	0.0287016882411763	33.2246395208333	0.791801181472251	0.203230852309754	9.40480031872168
0.0388306541551906	0.0835894522649422	0.150384770531692	0.301559249586798	0.097948669556926	0.186995430408092	0.0812329918339849	0.319295115108564	0.253269853467364	0.0140646771601355	0.0944508203985356	0.0633032240144908	0.154352600255553	0.0526043784759473	0.0465996774454042	0.0579712045530975	28.2488360037971	0.779291992924781	0.376644328217627	2.12184239639901
0.0302947532526148	0.0705104790494218	0.17660201419536	0.200633962352015	0.101821097725794	0.181707640700042	0.152817633379996	0.254191628703997	0.229434896317162	0.0251998211454434	0.084487895047497	0.0937421628184803	0.174808160680067	0.0535656969910767	0.0459151577359438	0.0525737831219472	36.1873587905988	0.803920774414996	0.205781019797502	6.73449726143852
0.0837222968716174	0.0597403095883504	0.0902195250571147	0.242344656302873	0.285768667834014	0.0514901203124318	0.251805748381615	0.0970763494684547	0.308374400798213	0.0688044132002407	0.0328465945427306	0.146110050717276	0.114262646957543	0.0600561080234684	0.0244930170406029	0.0343304210424051	13.0840382433524	0.746940141237797	0.0815214514368214	1.46673661408015
0.107776984715799	0.0537214205405116	0.0615679495580867	0.256853484462667	0.271199581250283	0.152704345786478	0.18410721693784	0.109658008352667	0.31116503655063	0.0388672138136369	0.105558035534807	0.171180398228988	0.103624617547356	0.042604171092147	0.0166751534037292	0.0189819801224023	1.33305796564277	0.796181203683829	0.175200461905217	2.01118500313722
0.0526659650103934	0.0781143860366195	0.200067279615365	0.223726870355848	0.281162586722618	0.398249367650552	0.297736500728428	0.199137373243719	0.335259468007218	0.0879774729199652	0.0624676284478791	0.145380973210111	0.129605889108349	0.0639048633291759	0.0138696832315996	0.0391744973732717	26.4021128562456	0.766574767594859	0.302538654410839	7.74639524330385
0.138539348273699	0.0616785303347558	0.097621985187158	0.234166629460175	0.112558960503112	0.247671593163768	0.137795798890293	0.206976350645795	0.164223365200963	0.0130319472061502	0.0849797135880217	0.115314752288815	0.0942709962950088	0.0988912574013602	0.0364952422596142	0.0221023041168228	66.4109588237945	0.777121550855106	0.126143730815779	9.593445178736
0.100450218955872	0.036587942510806	0.130269709952064	0.251352272358816	0.328979021579223	0.345496075057145	0.332337666216493	0.308170350566432	0.16572458310442	0.0174924377106757	0.159824339280128	0.108955726391841	0.0910622712535784	0.0395076691776421	0.0412555852434412	0.0457575623619743	58.6368424051283	0.724055780841997	0.413004218932614	1.26594194550999
0.0939106759395544	0.0926107378236204	0.0509784483896941	0.0482756855149753	0.254877887260602	0.128969356189948	0.384911648012698	0.132349994425252	0.19113303017579	0.0498403007571962	0.122215900550652	0.186309146280773	0.135830211452898	0.0356719600087963	0.0130160708844662	0.0683038241885416	52.6485810079724	0.728130258838274	0.189090636855457	6.68599910746329
0.139362777444192	0.0762857132495195	0.174407110898308	0.126467488047294	0.0444614373187311	0.381429054349894	0.219257019746304	0.228141963753179	0.266308956386354	0.0988699271577766	0.0745074881658517	0.160453041743543	0.118691460403278	0.0771556049144454	0.0267106084125489	0.0631493398648873	15.4031453877809	0.808909197590025	0.244787631106749	2.46378361859359
0.0893993919697404	0.0544882191643864	0.073429388939105	0.212705660132784	0.142816070270529	0.141868417857541	0.154380914453566	0.309740279535577	0.297905514944103	0.0446518106112365	0.0383750501186959	0.148131353593804	0.111259401407447	0.0453332242227253	0.0193846897673607	0.0272417488494515	20.5988016772866	0.768907450061003	0.389277925829683	4.79960596354678
0.0726551410157047	0.102575095755011	0.247529139036573	0.170595256040245	0.202735713182604	0.233247262928449	0.0866122154140472	0.247094874992818	0.246839513995647	0.0621050333522308	0.139318935279213	0.144002271930128	0.140878926689606	0.0854349102428928	0.0230434990349039	0.0734112098388188	50.0163050754406	0.753535318489438	0.428209831061959	4.33102434583008
0.14083485756069	0.0954820262700319	0.243232953235097	0.0375197988108732	0.063697848655195	0.21809657688681	0.109468294157088	0.173025463307425	0.203338107847236	0.0950823718298675	0.111608620475288	0.163477745700274	0.0804416010604054	0.0719859477425274	0.0392033365537226	0.0297505822354741	35.2695237160623	0.758478682198431	0.154122359656962	5.29983902037144
0.0678730172687909	0.0844902543849125	0.221510138723701	0.0814052988852374	0.252193384189529	0.250890386416577	0.307604505528808	0.0974233401371539	0.19183026159279	0.0817612512039853	0.0767826769881882	0.128967840446997	0.098189546525199	0.0929390115740802	0.0319074889855087	0.0535421622851863	61.2631962495027	0.714528543029623	0.277311731381621	8.509282002002
0.0978004537969548	0.0990590771678835	0.0213693072004989	0.152064498342201	0.0679591605567234	0.317322927819844	0.225191729807258	0.121881732056364	0.162742801786251	0.0772198163511275	0.0683724877756462	0.155656553914174	0.198995636450443	0.0933905685963482	0.0249476083738729	0.0181144731227495	4.97666699307598	0.724509578227084	0.233796996112214	5.10837206630036
0.12377809751353	0.148687648489997	0.277468994096667	0.155945753242262	0.159109587392186	0.243255054715462	0.185403614943922	0.292590810598508	0.341491336449478	0.0730932023535301	0.0432041815018468	0.131764000077397	0.111836910918914	0.097779268311644	0.0224282492930815	0.0445056093660928	13.974875057688	0.797128207050934	0.348683731032396	7.68933081915602
0.0524983314298722	0.047440601250194	0.121048942906968	0.232000633579679	0.275443035117499	0.368532246600045	0.23823204500258	0.16225934488453	0.293635184454545	0.0966471975058106	0.052654696006868	0.140788679859694	0.0689967688610219	0.0615798726312257	0.0122846319482848	0.0643017235321552	26.6285423248699	0.7850740143013	0.427294011596451	6.55910135115497
0.124952282269762	0.0374834475465864	0.064899924246259	0.24724743934162	0.0734842090813257	0.201228250704613	0.353268473764658	0.316534298827648	0.280692588294093	0.0307337499552854	0.104508160425723	0.137819446005728	0.127903149069827	0.0384499685048312	0.0203180491727218	0.016471656537205	9.70654408988729	0.780119016676657	0.368774696133006	6.3915463468153
0.0635140328858211	0.0917903776047751	0.0674442673716322	0.235783894579671	0.119080735624952	0.224334677567473	0.182770284076333	0.222912813797891	0.172217407838926	0.0631144007418391	0.166308490251713	0.0901284591993503	0.159530629525054	0.0506325670724735	0.04046796545472	0.0487456691849604	59.1916145898104	0.773732812145585	0.198109324060893	1.3314307962358
0.156783612356232	0.116930683055855	0.24971772984717	0.16749327315446	0.0656784633333087	0.360769091911847	0.158919970232844	0.23133480378367	0.254125991409775	0.0828813462070645	0.10322931477759	0.116621414160132	0.153845027601812	0.0946666928202473	0.022869184907712	0.0538038174636662	8.62974021068588	0.790524171953294	0.341170215149689	6.4664364849031
0.0968732080487255	0.0484776296721026	0.0767060733248666	0.217945409265254	0.0708952148598973	0.0980675474196207	0.354745143195689	0.262474114203826	0.180639838306773	0.0464033724825312	0.151182357348111	0.169894525607843	0.067482306501437	0.0810435554674547	0.0183356261558458	0.0423002081427164	51.8249345018296	0.792759183830051	0.344201100374665	7.20847323209979
0.15161266227039	0.111637420018874	0.228531637877002	0.0809971326809376	0.322970360728108	0.0916544996737037	0.308798020175397	0.229390348829925	0.309678738319408	0.0805611743437473	0.0674272260004282	0.113343194454685	0.0702452239441499	0.0656816420501284	0.0251402281915396	0.0371907291448675	17.0516213981519	0.696779808651879	0.0765025409257971	3.04566245037131
0.130681788646274	0.107864509503096	0.192340615220033	0.261648974490538	0.117668370119907	0.0638444131896365	0.277982463462949	0.0911259935712069	0.179979178182259	0.0861428893573678	0.0966672847464308	0.152686331623476	0.0710477732923441	0.0670395067549497	0.015888879808113	0.0299584923140891	44.550248526304	0.692056493063373	0.421653942758869	7.49120545546524
0.0547355968609545	0.0730680377721414	0.285492737335153	0.182312302429881	0.073014673041502	0.37766747443201	0.161966119497418	0.273306155723855	0.142303992734645	0.0491100994800771	0.041078692739252	0.155784017669018	0.174057105268631	0.0503001555131841	0.0394156180080399	0.0698483953493088	26.125114721383	0.764543841968244	0.396997410460003	0.0403827041853219
0.0322157552098273	0.0466823249387741	0.0754270241097733	0.26070454312237	0.220417923551537	0.213336321071582	0.0961018238997459	0.240415193434581	0.140488830854632	0.0908781528651569	0.138272971949186	0.12728861079121	0.124337350010332	0.0575516187134758	0.0439493313637003	0.06862555752201	77.9070446504168	0.728717956638308	0.397609823825862	9.14217643599957
0.147713227091008	0.0896848056119308	0.221648433087617	0.116514771618787	0.3493910461482	0.162141310538538	0.290532971917391	0.17354171409674	0.303405453745667	0.0378245942037243	0.028495260306634	0.120425770489089	0.0937279064789601	0.0756714951796085	0.0148305889512971	0.0344708429207839	28.8631767744534	0.742729200456999	0.183863657022314	3.772711600326
0.178303408787402	0.104239968312979	0.169953585269265	0.129471851242241	0.233347898886047	0.196580486097001	0.128624081144333	0.303133253210559	0.210626191923469	0.049281310091264	0.0345192735275999	0.0931352081871033	0.195277765364684	0.0713853853508178	0.0382126563342661	0.0401839883791655	21.6612245698031	0.816057366927648	0.213370450590644	0.91405241260305
0.10827627575651	0.0557046147206426	0.14602647918947	0.300740181801375	0.0960130102651212	0.291391776393214	0.131514391653538	0.288665137164369	0.129184461676162	0.0438703181975183	0.123745218747705	0.15161985382136	0.169807845203616	0.0667172420916148	0.0179566692034528	0.0625960470816493	13.370889100818	0.736325423166249	0.335540074520931	6.67933821521699
0.105786714795341	0.11109537731275	0.193242231064104	0.189016654615104	0.0663518870741073	0.206749455759674	0.350835917128921	0.0921628162878007	0.171355255500209	0.0757901171245807	0.117428316482715	0.0904300871218182	0.0621168427109346	0.0894673622863926	0.0336353871866316	0.0280163769353181	6.37161533133779	0.731531524757724	0.407530129052512	6.29563133092597
0.0769209941410692	0.121783253275193	0.0368738699903712	0.141101223904826	0.215394833186828	0.353650398915494	0.358751406215727	0.180650642797649	0.234124455253929	0.0643072830257366	0.0785770184899122	0.173518009844609	0.197826761047207	0.0538089681815729	0.0252549239812046	0.0301937155181542	55.2276928955168	0.745181813912615	0.372495547411637	0.306768342833966
0.146966722973385	0.0900092189770192	0.238043867699578	0.224610627764463	0.0254322805329906	0.320821266550571	0.130038167210519	0.115492439823598	0.208025651116688	0.0885619845119252	0.101229251730274	0.175709185715336	0.143239367225356	0.0661208121174667	0.0329961670582741	0.0668454271135479	78.9946396536287	0.735953460841188	0.0548804728549905	0.685325616123155
0.0402950360204559	0.112294258987941	0.13934386189796	0.236563334269449	0.255833467911086	0.332940165788447	0.124171944651604	0.214169061802253	0.252458908859137	0.0769230376724348	0.102310487737954	0.105602668921296	0.161156523916945	0.048439615500588	0.0140734041139856	0.0736096121099777	51.1375130054746	0.787814148788378	0.463529270237498	7.28658245825209
0.0827862873910321	0.0907241243146732	0.278398271512911	0.108051127170306	0.258703111316441	0.292968682725309	0.240125312002599	0.0951272794144601	0.315546833652072	0.0608616800422769	0.063521070984304	0.105171922753956	0.0751885238504037	0.0977538818105776	0.0192286097355932	0.0393306110444292	49.5941437099539	0.729104043518798	0.371878710726881	4.8442444836162
0.145690613134149	0.0519398139924556	0.104802034451589	0.0919104694692418	0.299739977149847	0.237222655516909	0.260599213353097	0.252830546955839	0.250900270582307	0.0640211413532689	0.0295209005285613	0.111888767694756	0.144683070613313	0.0346166471646354	0.0286839581910893	0.0292003533257358	36.8890427535335	0.809184858153248	0.227111583233811	3.2378962162789
0.0469853249880881	0.0698125283570588	0.163000907353014	0.244314626763575	0.0276369690689128	0.396213846580964	0.211511175420284	0.226142562441304	0.230465776901785	0.0667983285223478	0.0515676584434509	0.144913893329967	0.0891953554326482	0.0589746099967696	0.0197375682696328	0.0195947451233491	37.8975085949739	0.798196964432793	0.365678445557319	0.163760419972241
0.144770833219986	0.0382794463911653	0.269822427177206	0.145991964645684	0.11655466549859	0.167362843902409	0.271470317801535	0.145810186534375	0.184147150604259	0.0656832027919819	0.111384523175079	0.0955136088138819	0.117912584309615	0.0473243603255134	0.0314499149268866	0.0402760712973587	52.894319126226	0.748781508894721	0.383864078841824	6.98039709664881
0.168522697077566	0.125611268493757	0.268504107555002	0.172924590041861	0.0525829808701538	0.0972490389632527	0.108488126582503	0.22148932201609	0.257879920770098	0.0725381080442936	0.120753184031174	0.198789535116293	0.119853173442855	0.040525748280054	0.0135993752808869	0.0647617088988237	42.594891176424	0.774728933408894	0.22616824608664	3.57417476438917
0.0905355353235942	0.105850518747903	0.180966523825191	0.088195967124775	0.145826386349453	0.336075204659766	0.340679717037082	0.204425034531206	0.356081998584289	0.0673353115689946	0.191539857338499	0.146289574460667	0.112196548198406	0.0957258769590873	0.0309183409423381	0.0396826452891715	52.4097192750508	0.770382112675514	0.47155599759589	8.23849774127826
0.1244269983555	0.081534064383544	0.183389773993939	0.183605138721969	0.04903778970169	0.214982156195445	0.0877752805912495	0.14918465036191	0.139101605162118	0.056854539692862	0.0774122588799149	0.138691814358588	0.115105026102345	0.0803053456939478	0.029652670635879	0.0473195563750528	57.8594380448768	0.749713727440117	0.11662753626015	8.95648036216386
0.172212784295334	0.0873515673121065	0.060220601451844	0.272373471411783	0.130677647767189	0.0829243026139215	0.1602178429389	0.293656872128099	0.153116394633558	0.0116575244879807	0.0863947489688546	0.135667983894814	0.157263178843055	0.0753879797944985	0.0209064675197378	0.0446319813876227	78.601375473313	0.772401838546805	0.167819428718975	1.6906808828935
0.0460680813532253	0.13282461370904	0.144111061484106	0.0926539062499069	0.107150820244082	0.379550493002404	0.335009754442573	0.165053171574473	0.287312486949489	0.057666424693935	0.133029545413777	0.0837597747079097	0.161785546070877	0.0868707193505485	0.0207036690428108	0.0539545633911341	33.5433141504107	0.780843182803038	0.434025183802191	7.03203537718393
0.126471225851073	0.0807661990843713	0.124744736218639	0.165718640643544	0.181135372426729	0.0719029508946929	0.300430760582089	0.138736528840661	0.192997850657571	0.0838563930526298	0.036182255578544	0.14334376871353	0.0859385954784974	0.053290499977041	0.0304042676984146	0.0558654867296107	38.3747885482395	0.750662557336325	0.249715194723802	3.93934586721472
0.0420638513523224	0.10052312882904	0.05394467716299	0.21490222385386	0.336083320055518	0.168261196035566	0.291579360057414	0.186866006311327	0.260052471210659	0.0547716230186259	0.135669774853345	0.149642519522253	0.0839294246936776	0.058265758085642	0.0111658429604024	0.0725104074295051	12.9632509607691	0.766014715493331	0.280886507903971	8.69072859751061
0.167331927207846	0.0522948585773259	0.141496962919831	0.113534672704153	0.267851218921932	0.0799426352500916	0.226613093850613	0.259700360954478	0.198846087073404	0.0530254924401573	0.103800356275886	0.0922709831964225	0.196257844679672	0.0652951549756248	0.0293830683001503	0.043628745374959	36.6908710616147	0.801982226865366	0.218087229426391	2.57700555009767
0.162182223515185	0.0625144355308637	0.0889934900680557	0.157337620717566	0.102371704739452	0.275993822953571	0.201830535924435	0.239830847324505	0.126084684425537	0.0198048911150657	0.0379361179512739	0.191203626386672	0.106789688121341	0.032506299908217	0.0144633817392588	0.0248717931608297	42.2549171810895	0.765076209096378	0.221240931260819	3.38496290211566
0.104974283430688	0.0755768195092678	0.107783532503247	0.0965065991728566	0.195575351532364	0.265197393847443	0.216927159299254	0.291579050653726	0.352084403808694	0.0433462263767721	0.0580635088949278	0.119857815047782	0.133524748095162	0.0527559698999021	0.035809930200167	0.0183930600093305	27.5828030838054	0.804818864477854	0.290588391279243	1.00284440837801
0.0917649219902791	0.0769940557265282	0.131372809552997	0.05481370603377	0.246243039237555	0.294081784530915	0.169744986334741	0.153033013706878	0.248590565137398	0.0922879844044027	0.186173490616977	0.0805778485049494	0.0771162837582082	0.0940966952989437	0.0320398570838943	0.0363624450932443	51.5048673061533	0.789505189984012	0.42395482017519	3.34966444599442
0.161694643670733	0.0543461926260218	0.0571182889783382	0.11258727880735	0.208823712307219	0.17340376609629	0.347489795338213	0.193324767743722	0.20680502013173	0.0721762855328895	0.114626887469236	0.0750591692877747	0.08321923263954	0.0518719117277954	0.0425285100787506	0.0244248579253815	77.43057601122	0.819915797606511	0.165392704014946	1.83926675969735
0.0539566263059131	0.0738665578930825	0.129432305831164	0.173916119447164	0.139455118715801	0.30979748464101	0.246093292142153	0.282046212561727	0.224802028051037	0.0467647767559802	0.0903447930974886	0.101133424635567	0.171574489130769	0.0644557413783856	0.0386009615405276	0.0519846770412102	66.8432947967909	0.812913290743716	0.215814181485958	2.5495229646191
0.106965066162522	0.0759984375537559	0.255744035885297	0.230640431646537	0.0862844237856986	0.104368008329533	0.331538788616061	0.116726884374693	0.145062959161121	0.098150578820798	0.075306744979471	0.0818097638029419	0.087358673304338	0.0970419726402685	0.0164460271494091	0.0194235833621956	34.0108766539413	0.739466055948613	0.443041859932989	7.62805559797212
0.112948000501201	0.127734892226905	0.0225812787971273	0.259164760521706	0.168362485309524	0.219780639083032	0.313915247994661	0.236322088365406	0.182600419511031	0.0918846255567351	0.142843955961838	0.0860396999343298	0.105686368395053	0.0774942602818273	0.0439140159475431	0.0655560122494027	74.3029365954176	0.778676310322517	0.122493664591247	3.5553462973889
0.177663045192224	0.0480627963289618	0.219430312520973	0.0789639517115429	0.312626504428336	0.318498519676272	0.180503390339911	0.207770094945058	0.30085592662327	0.0507871899006894	0.113238424188457	0.102455027117115	0.17591445628114	0.0876297498608753	0.0367905937799066	0.0707565019803308	50.884220152583	0.819232276207469	0.0938532903988846	7.99928050504066
0.121739094672801	0.144854207061119	0.0669212006346509	0.104086747679766	0.0482198543755775	0.386193511350034	0.342449776192009	0.156845368983224	0.32440767859593	0.0846441738848493	0.133889377362859	0.082770514614433	0.145749228410609	0.0748608657065593	0.0259980238210782	0.0459758607287519	65.4456960242884	0.788661674613357	0.342412840789929	8.79727563966997
0.173743395915253	0.0930138714706153	0.207465199754722	0.160583981741033	0.164805013454757	0.330360582545307	0.166241140730977	0.245922579217926	0.236282066277843	0.092646059469268	0.169590621768478	0.114117442186121	0.191310305228345	0.087883169655567	0.0221790330224484	0.0284308639414608	18.4726944213165	0.754879176816912	0.364044893869525	8.54326166078448
0.117672565461793	0.0626977670788765	0.120240265585445	0.210123192721605	0.259899457042584	0.304500173971243	0.217816739057601	0.235505387997851	0.222996895798668	0.0902602435387635	0.0664653176023997	0.158474610786196	0.120647740165871	0.0704287547335401	0.0310634543529153	0.0663179139080085	23.789857651988	0.815434758317219	0.438132220140379	5.22296801147051
0.157836589336533	0.0794438982755318	0.134019384833761	0.152681970872264	0.225813982978428	0.301212941055512	0.186296741885245	0.189141744700968	0.337446058321986	0.040733587689791	0.0269232694135606	0.10771818402797	0.151029308887757	0.0398011912289448	0.0478055154743791	0.0192544909331761	7.14536725168303	0.746553249740954	0.119451823862595	5.47146255988628
0.074972855973132	0.0949091606530175	0.0314616884574667	0.267689266741648	0.296545502219568	0.283800087559829	0.146773897621036	0.219915487391651	0.103122598650958	0.0759853846362273	0.166907940620761	0.104264616968501	0.101471163882911	0.0388169264716189	0.0171653863850236	0.0726947753534093	4.50933786258288	0.761088598088678	0.468849702499108	8.85014999940991
0.137295808987105	0.0818845991116762	0.196074915626273	0.17787370726848	0.228792626952623	0.111606358933169	0.119477812575698	0.314098916530907	0.188673016681001	0.0906475576500793	0.116957848289404	0.164045785519816	0.156860357881337	0.0549374063817598	0.0232653582815081	0.055587318067085	61.6824525054703	0.797964292546781	0.360843128157547	9.38575597880408
0.0440601395980641	0.0839361408030242	0.0415205226792023	0.23928604668621	0.276552160059623	0.281764362689108	0.232419510274231	0.168260009318218	0.155221552112997	0.0736757827718156	0.128198648068737	0.125851048301794	0.109030419584829	0.0423844424652029	0.0152060924810171	0.0622652231329121	21.4052603096757	0.78706198945459	0.220174248246523	7.81764503207989
0.0370826231678831	0.0304917653296888	0.0437580793914199	0.161537323813234	0.0563023435451658	0.315637337682303	0.369608493572474	0.198859170677289	0.27629712898491	0.0679196101719429	0.136467799516972	0.184748695172779	0.124640583350025	0.0609624303493835	0.0499256769427285	0.0691428376967087	56.386481412515	0.783038770778524	0.431956293663988	1.21899339859374
0.181288164384968	0.0721434469960257	0.0850431256644428	0.291535543743894	0.0589278003082499	0.254064262081357	0.116210913206935	0.30181376211144	0.12445475306781	0.0373038621721677	0.144476225474849	0.120504271487724	0.134376086108908	0.0862937278267928	0.0186820167633891	0.0464359058691189	64.4146159877311	0.752255217861487	0.188049494218454	1.90122670820914
0.0813095776027394	0.0377144927868247	0.299108592407554	0.288455000503827	0.227593550136025	0.374988831431884	0.179217273415625	0.123066894681826	0.208531090807989	0.0588206953216253	0.116171847822778	0.0985028684341535	0.173095501671564	0.0543694199409895	0.0407605304127187	0.0566572406476177	58.0399955551215	0.786602105243728	0.42506530472259	1.18556072120555
0.116096782592011	0.0430168455360085	0.117835080154724	0.0329608498707414	0.294225331712537	0.287379468323337	0.231179179684818	0.197457542793304	0.204648157359734	0.0288739484302502	0.129924423517436	0.0916572245570458	0.121187327107657	0.0859921443890035	0.0342438804377988	0.0553630727140233	70.9404813140836	0.80780707992875	0.0789042681869585	7.3503583736904
0.164722102615198	0.123637951208241	0.271377664376385	0.0440943879666738	0.201558991819898	0.257239292686153	0.302931041009128	0.130897473552376	0.291971435419619	0.0347641673154482	0.0810403245829791	0.0784395444517583	0.0974522638843208	0.0787079711446539	0.0157233262646198	0.0369737484234385	5.4050169271715	0.813669391941307	0.313454187357239	4.64473506383598
0.134591720655914	0.119450259183347	0.246251649546139	0.102628380263411	0.210677003088875	0.12464224603516	0.294512637855411	0.140672879051268	0.250653317289148	0.0479211515664945	0.0230043160366267	0.0980496273993328	0.0918177009120397	0.0696820224933513	0.0106083761999011	0.0232321276525967	32.3445829842314	0.800725247239936	0.275204804012599	4.13372462012805
0.0960424065972911	0.0587616908421367	0.0467602908940986	0.131220158768538	0.194393361684041	0.34178656680556	0.144225106408894	0.285607679976076	0.23442797802981	0.0564808920166544	0.184456766287629	0.0731925137671269	0.0845780193173885	0.0997645441587362	0.0306453023239598	0.0359909168531187	60.2135014518471	0.748612005371582	0.328270699229185	4.03167482516728
0.0608859178668913	0.0853545464603975	0.134516964454316	0.202437587778829	0.285512746926568	0.306286175477458	0.151511099738181	0.21138941742368	0.190422720079757	0.09121346117942	0.0933634224030562	0.111091756520141	0.1320513745296	0.0490789033838362	0.0324701274383813	0.0634278158246912	46.5703462051405	0.747214788090773	0.336630332573317	5.85664091722108
0.118595401989503	0.0391283066071942	0.16377305266168	0.114468400596827	0.172931807631063	0.122300959327538	0.199600771921277	0.183321106094047	0.158519698836003	0.0176966232908271	0.0608501379216276	0.171455956309717	0.0992007291760109	0.0417689102033991	0.0217318408869579	0.0454957482820563	41.8898412299482	0.769586896580197	0.273391918739164	2.89782378569245
0.0477125335082365	0.0470857492315024	0.148476482815221	0.129344005654193	0.189381708261058	0.351661850528	0.278592661711872	0.192128540136814	0.202058991572857	0.0596951371272533	0.137943812160771	0.166199891825877	0.170931237551421	0.0672763715793286	0.0200614980492368	0.0358414746391028	63.1313175735632	0.759036533874329	0.352434781304002	5.88849078190513
0.111545973081358	0.0579696032109484	0.204568142732121	0.110928172612749	0.0912380313320588	0.227892050125264	0.188274170992672	0.264161433260217	0.100618522267491	0.0629960796704394	0.0987345420373418	0.168276255949512	0.169091325274967	0.0800802849145606	0.0255954613946006	0.0619795624142513	41.0173675318919	0.76808269935552	0.351878505246807	6.34198655480519
0.12283151300421	0.0511137223725021	0.0392064916756749	0.203503457127977	0.123163557300322	0.267766682209168	0.251466732327938	0.223230990350544	0.263343385832887	0.0295022916015199	0.0449723838266358	0.0764582271500304	0.12724610512916	0.0508156925785355	0.0398624907197058	0.0157089138526283	29.8208940128088	0.800065762279816	0.232625729874196	0.657045669900253
0.0576634360268316	0.0864487587794289	0.28726815896146	0.0661493276242167	0.0398946914948123	0.28366463062102	0.170946608942747	0.277652263113037	0.313708580603115	0.0776629039024456	0.123034723816346	0.0913137003818154	0.122227977158595	0.0752908257242665	0.0227788669877127	0.0729513990717754	76.6230456514834	0.761947903476301	0.251702720139129	7.26518867867067
0.17210993007598	0.0424928694238141	0.115790025118999	0.23371116709793	0.13686945885255	0.181345490322402	0.153706505528092	0.128611690364853	0.317737227267083	0.062418025699374	0.0909154810211249	0.172729410425201	0.148899897332247	0.0348767640770506	0.0176736550042778	0.0284730560222268	7.48588025176991	0.773652660434022	0.339508373589441	3.24246304760687
0.142464172743724	0.0922809865667671	0.231424911567643	0.193276656554174	0.179563054107564	0.300366608315287	0.193930741612017	0.163959974950552	0.170568170538396	0.0485933102430659	0.140389355132859	0.168925550444908	0.188159327340033	0.0920768448352627	0.0213008955905959	0.0397913359135017	22.0264905137308	0.772707414425928	0.264216357141966	8.61067093933933
0.114701988302458	0.102035613761209	0.261743321580254	0.17950140459016	0.0551385538891582	0.203578423582064	0.309562661338449	0.0998103547369689	0.176418601320814	0.081972480912484	0.0705468708167225	0.139423033905141	0.06242424370341	0.0659868783025723	0.0114166645824537	0.0380322547438368	40.4781928667882	0.733569840661483	0.298499684011796	6.03833186537027
0.0708006820115447	0.0534822184247151	0.298332470967956	0.177239616629388	0.128007561741645	0.260478015475022	0.127048985798955	0.261980424809158	0.258611747070085	0.047772726351019	0.146945185967945	0.134752259557303	0.087969706630744	0.0612103216515947	0.0236476239071414	0.0740327111205831	54.6610833192645	0.755221562456163	0.164090648069838	9.10501091860235
0.055971423091311	0.0416204297193512	0.0695712721809745	0.226578355683293	0.100145688796268	0.165469892062107	0.176281409642398	0.266139815500826	0.213048285674267	0.0426357250933191	0.150619215085283	0.17234698150374	0.107454262032937	0.0694007246968988	0.0351774443320558	0.0676994311596081	68.0752028493658	0.792246670070263	0.31865194761022	9.03476961269975
0.0989686044106749	0.133723451235853	0.157695739405081	0.0717863741180859	0.0376651190245496	0.279937633323809	0.101578452758193	0.202197842986807	0.19409841070734	0.0943598075852404	0.0736036438485421	0.195973411852419	0.188676916387416	0.0763291764660832	0.0406890155347809	0.0628257609719597	75.8158931130525	0.783536708134189	0.116475355777331	5.93508512925357
0.0941463092615083	0.0860643640989438	0.187590643322393	0.185091737293173	0.0467198411983205	0.169180084775155	0.114156018120646	0.291052151774243	0.214188396745268	0.0694377341034801	0.118983195683416	0.153912887877151	0.114331692062002	0.0621142263008282	0.0265406259546429	0.0548738058198988	65.0912814549571	0.771591924868524	0.297314686847199	7.8829753328301
0.169347810428843	0.105251815012693	0.280878282773793	0.169062305784225	0.0302776707738647	0.238197969365958	0.169106106650233	0.124475896448791	0.209646277228389	0.0871795699042885	0.0997270348072983	0.188107179535776	0.10382038183881	0.0445270790160913	0.020418400606811	0.0509136702368036	48.1998014063304	0.793454760084376	0.181493456638698	3.44436467912979
0.0365877193011716	0.0635659425836429	0.047114574524872	0.0850163447584026	0.365757750077179	0.170454040726693	0.324496159575582	0.17843706007123	0.278321696359422	0.0782459575748309	0.0889933366149105	0.166942311086897	0.142406948499717	0.0336519379270822	0.041146445854269	0.0649935824035853	38.1348557019494	0.757330023595821	0.382871472704783	1.36366433079354
0.167863632079572	0.0501898503687233	0.0704145344291627	0.149452304335963	0.163057829536146	0.242976640545903	0.215061552203298	0.244656138397902	0.285361313416902	0.0334657889863109	0.0679094129649177	0.142198353101108	0.134960124498736	0.0375093843972031	0.0355524335786328	0.0290939258280583	5.84824046737701	0.781201057295604	0.272169398764195	4.24604276993312
0.152126748909424	0.126449771823138	0.205341587705202	0.072160072186403	0.0801013541689366	0.38323810803853	0.0969904353398085	0.168838127448261	0.157167546879053	0.0749290627427511	0.042431983233206	0.162532650819384	0.126133268019054	0.0746784105120413	0.0313004501899704	0.0616226459950581	79.2488927434366	0.741585508068846	0.137935488515208	2.81646221277304
0.165934090224497	0.0876786850352213	0.267015945542082	0.0986431837203912	0.130209949945365	0.0554461883598007	0.373648016528189	0.188235606804937	0.288508438465167	0.0484612151175051	0.0318301702538505	0.121365546209309	0.0724857498310506	0.0831079725074489	0.0163758472627401	0.0226445263709687	48.7605533553846	0.811297984204721	0.260807972258842	5.48300786592066
0.120460278167541	0.0566943772161752	0.108747401115075	0.209516961251572	0.236848279046507	0.217201585091185	0.243681137166917	0.276649632027522	0.279698325220197	0.0537368777195392	0.0457319258752838	0.0886763760465756	0.150036434856504	0.0467656577798352	0.0492758565269411	0.0493268563659489	27.514299340195	0.817152298222585	0.387004406412644	2.20049009406008
0.0378777579928585	0.143003880491964	0.15784579325147	0.0841008132614195	0.216646148683714	0.331638965347828	0.25474333640188	0.22095905279547	0.275427959345914	0.0830527552221874	0.165664833497349	0.140001142916493	0.0989779175722599	0.0516521968101989	0.0219682091547921	0.0609126256523654	56.9484478905145	0.760141099721268	0.486059697803296	8.89992170101032
0.0603425832347386	0.13740462826509	0.16848601771865	0.115868445045315	0.0901732833302496	0.347611044234177	0.211840748747885	0.190553601648137	0.3294713297401	0.0789746572381128	0.146567556550559	0.135213817398511	0.116286074870713	0.0687723430076521	0.0215474796266481	0.0529909619121999	50.3059807887031	0.776197234655879	0.457541867132112	9.29506630267948
0.0868434292698186	0.125127595507801	0.103336449416988	0.22095365581885	0.114877102768856	0.222166034198599	0.106489765636623	0.151120800475925	0.185653398037348	0.094157973626078	0.0896285384560376	0.15928431962749	0.141204244609624	0.0818886627547815	0.0257764876725525	0.0243250781270675	20.9427226762855	0.718277582933279	0.375707968604192	2.63276636494324
0.10334815202764	0.0679547955225036	0.294964263789803	0.144918197591044	0.1521412402204	0.344839232366625	0.237397679934502	0.141822887901738	0.310684815955181	0.0801432777019666	0.0625978204115294	0.169638736068923	0.104738290222418	0.0636714105090778	0.0234999286889657	0.035176135283187	71.6664923435701	0.74606074914122	0.29347712922236	5.78892707915045
0.149422853580436	0.0312279967319593	0.252246642286479	0.164370201134589	0.261758919025009	0.197325213925401	0.268155812722743	0.186211699088514	0.177446341965832	0.0618951642212236	0.0921335272461362	0.155195142278541	0.0746669994701259	0.0780663829814363	0.018960660951063	0.0653064229044132	75.5749726092983	0.805997188336207	0.250007526826486	6.06346668322571
0.0743389921345259	0.088093002037704	0.08336789838586	0.191388057886064	0.0886396033437681	0.365904683770519	0.228177211176455	0.241309258022979	0.220744334230069	0.0553420947834276	0.0827896407156996	0.142837468274217	0.168537904886454	0.0436018455158081	0.0311477611982822	0.0328665672820061	40.0877591690253	0.801424688278828	0.456548964275699	0.270121918227524
0.116962473995942	0.0637694884739444	0.127169960235395	0.194277338309027	0.124900603489642	0.325096985805733	0.0853732498839498	0.236796786344498	0.173208789808061	0.0459483991421519	0.131415697935559	0.126563285934292	0.105165837464035	0.0996422916096915	0.0322994306295738	0.0587179639772884	59.5448673093794	0.769296978032524	0.278765959027829	4.49628765250556
0.175133063529064	0.0407223156456649	0.23660540067967	0.0763274613932706	0.308786495908641	0.164638516411884	0.375438376272917	0.094088295584172	0.186699360832796	0.0841368800135471	0.0594308414965495	0.162450136471633	0.136942415015381	0.0328724325252697	0.0361233610698208	0.0480562731305882	72.4290440727668	0.7971024156202	0.155045290318225	3.98798530098982
0.131895568121991	0.0387544128137827	0.262662467750087	0.127369684490375	0.155357163774985	0.223034615950286	0.207706448847055	0.123368282522038	0.21141732133491	0.0599839823320381	0.0523974767289683	0.118364626985509	0.0808288614852168	0.0652573563328013	0.0174091311046109	0.0468134175830707	53.3380578417331	0.767551218734132	0.345912503001001	4.38689478635788
0.0819474809388304	0.114969251225889	0.214764718410112	0.0552368940337561	0.223602514202625	0.364220192911895	0.114818416555822	0.154984752960503	0.228041676447596	0.0594766190405928	0.14162608400749	0.147332526643109	0.13729120263353	0.0716526865362283	0.0145678774329275	0.0590932602586225	47.250409984977	0.791228653486092	0.458657259522285	7.38294714645483
0.144071976882885	0.0491059526995942	0.0960580994860455	0.0955407226716168	0.16926997729124	0.209144600666501	0.373091896053255	0.219018635093123	0.201670530699585	0.0636996579604744	0.134805017465111	0.0882385587847978	0.106381798484232	0.0430721855036914	0.0434446238981187	0.0405200209526159	62.6943092318829	0.781850097362483	0.400654016342619	5.18873649987392
0.114858838444133	0.103409122545384	0.181795802353322	0.137807079197559	0.0609897272442877	0.256297552179499	0.0900817514827847	0.172121306533441	0.197571099978425	0.0853836421205675	0.125615005012881	0.177767277935743	0.110414046725295	0.0769836438577715	0.0282142700450122	0.047134532026425	43.9550053744558	0.760494637516532	0.230104615558172	4.44457075952552
0.0791755501458561	0.0301649201931059	0.122448950535804	0.172471947213542	0.302640336299968	0.307812567642564	0.208268270984888	0.261330989728943	0.16006495171573	0.0329412230731557	0.197454677046426	0.0864790496851318	0.115602840835899	0.041401094413409	0.0450578074552491	0.0449881705931202	70.3700189262806	0.759239627855821	0.36155028546988	3.85114857014269
0.0676433617016277	0.0403348648018017	0.195481059182361	0.0797832071392797	0.0973389276724039	0.31066444640304	0.150085655416548	0.300321896380559	0.161600840983074	0.061386350819663	0.0472573078238219	0.134192253011316	0.163573528050948	0.0632954714709055	0.0375943350853398	0.0528131375702843	32.8579935506945	0.816622891200222	0.415499285721779	1.84608622771688
0.100764411984785	0.0984475356001407	0.0938371074569225	0.278626141586248	0.224146757934052	0.285664761934616	0.244713369901776	0.2566323321677	0.164911959169619	0.092927754822183	0.173987428278383	0.0662857956184447	0.128438837271705	0.0465038373211492	0.0453581783230975	0.0638034784340858	57.4171506633079	0.778083949333886	0.208164576192293	5.1384817711357
0.133545043971888	0.059944942969121	0.102273423844017	0.105465842064191	0.185881281039841	0.198711362948129	0.262424410273135	0.143896205678731	0.286795881331209	0.0612507419492877	0.0242660977357067	0.157295797282215	0.0827776137398556	0.0513864380774554	0.0275319509387016	0.0355501485694572	25.056989961057	0.810271887134463	0.244353125664545	5.38901070031337
0.115745464636812	0.0966006095601618	0.179648770604469	0.192263222618494	0.205926958513693	0.355615494833235	0.201384561319053	0.195129209228829	0.175841436756458	0.0813607207374686	0.139554269213807	0.147815751740076	0.147575200003628	0.081575964937266	0.0121732297898084	0.0409302620529011	46.8555577655807	0.775673590451423	0.418426463004947	4.1159862073604
0.153255525664256	0.0670789520955831	0.23465798942063	0.122473011055496	0.190637633588782	0.183087977075065	0.257086597128212	0.201327386615425	0.284840852321461	0.0336622671943141	0.0356876773059554	0.106809249199498	0.102299654995631	0.0566971920835692	0.0168448063473031	0.0386108102914877	32.2509604810644	0.81380715979048	0.260506384769408	3.1006793647632
0.0853580309058609	0.0649319879236445	0.238816175420172	0.271481758929975	0.237757602515225	0.343024173826259	0.165581363608539	0.232621770538539	0.227239498660825	0.0794396863087663	0.100092528228182	0.122160814069398	0.170877279232256	0.0597553285706323	0.0330801567745954	0.0504086442488618	56.8367992195412	0.799052669283822	0.410118988337368	3.70772753038444
0.0836405065564834	0.0591970280569419	0.167188286413178	0.12118528717868	0.245258020273475	0.246312113212049	0.31598325111568	0.243743567525297	0.115866160403248	0.0281746573963885	0.154907584719732	0.099041602762863	0.122886731071044	0.0790952121108491	0.0270383882949129	0.0673955154563673	75.963211371785	0.814550704874881	0.195244163947878	3.50457579715177
0.0762034888668079	0.0347401253654435	0.175217797300518	0.195579193232488	0.291401821176495	0.262225225034403	0.299373995604217	0.301164611419141	0.154175545110554	0.0695908943667861	0.126989943933636	0.0740790568539128	0.155307720727846	0.0460040180773009	0.0408930974287912	0.062306496622134	68.6612043260997	0.805660476431586	0.257457667944813	4.59017830374651
0.136682187258154	0.045454107330367	0.092686658629179	0.120100017757341	0.350788881497196	0.0685087817137595	0.357330122278333	0.176711307343915	0.181540255557336	0.0900048778800499	0.101798368575126	0.140565102450699	0.173420174828097	0.0333729780377354	0.0207323129630461	0.06942097045267	79.4279233998032	0.784263169602361	0.327159493804164	3.89140244944952
0.0899829377477593	0.0338285976271704	0.113472990260422	0.123911393985152	0.112918869741888	0.177998548352672	0.301480449461341	0.225327585348338	0.293117507460546	0.0573035053734633	0.0659594037795812	0.128865705025662	0.11748924041111	0.0496715946323518	0.0381190724742413	0.0721299474051408	54.3199207353611	0.803254480608143	0.386405739881797	2.1983193943277
0.0927819976327964	0.103814504459202	0.0294872204634547	0.0300154643278569	0.265107392550094	0.158727979590651	0.270074528736472	0.167321820173115	0.235545008594673	0.0654736257881715	0.0566610548553616	0.178719203491788	0.142286684733517	0.0391058273819462	0.0151172047967836	0.0689644102695957	41.3999184888601	0.730194222741509	0.215087593303947	0.731047783019021
0.0985324365974939	0.0424646127805486	0.111125719457082	0.0675053267635405	0.304692827162441	0.088369162061112	0.356064843369424	0.177265679722875	0.21569165324077	0.0674521621722866	0.0408217706551403	0.174566850215942	0.122035747762825	0.0352755906411353	0.032596885365881	0.0585017684624344	64.1018579892181	0.787607108879546	0.330007875226252	1.99697183438577
0.150262306552061	0.0495642814104259	0.119178435476981	0.0263845521807671	0.314866688112049	0.0617420002424158	0.318383684455454	0.215998727264404	0.295753654926438	0.0579325646039933	0.055739439680241	0.127790441606361	0.160269226620458	0.0708279837554134	0.0134657524596155	0.0382220912522636	53.8631647772733	0.811750399630312	0.270186709971027	5.07549483410083
